0.00628319 0
0.0125664 0.000559548
0.0188496 0.0031496
0.0251327 0.00735162
0.0314159 0.0119766
0.0376991 0.0161536
0.0439823 0.0197421
0.0502655 0.0231446
0.0565487 0.0268674
0.0628319 0.0311567
0.069115 0.0358187
0.0753982 0.0402797
0.0816814 0.0438563
0.0879646 0.0460626
0.0942478 0.0471243
0.100531 0.0475662
0.106814 0.0481547
0.113097 0.0494167
0.119381 0.0516309
0.125664 0.0545895
0.131947 0.0577015
0.13823 0.0603208
0.144513 0.0619078
0.150796 0.0623849
0.15708 0.0620159
0.163363 0.0613924
0.169646 0.0610915
0.175929 0.0614492
0.182212 0.0625397
0.188496 0.064252
0.194779 0.0661621
0.201062 0.0676864
0.207345 0.0686073
0.213628 0.0688688
0.219911 0.0683659
0.226195 0.0678066
0.232478 0.067205
0.238761 0.0672892
0.245044 0.0676442
0.251327 0.0684338
0.257611 0.0693399
0.263894 0.0702929
0.270177 0.070702
0.27646 0.0710082
0.282743 0.0707278
0.289027 0.0704402
0.29531 0.0700835
0.301593 0.0698026
0.307876 0.069917
0.314159 0.070042
0.320442 0.0704519
0.326726 0.070856
0.333009 0.0710688
0.339292 0.0712446
0.345575 0.0712131
0.351858 0.0710178
0.358142 0.0708312
0.364425 0.0706742
0.370708 0.0705204
0.376991 0.0705165
0.383274 0.0705922
0.389557 0.0706662
0.395841 0.0707235
0.402124 0.0707799
0.408407 0.0707767
0.41469 0.070634
0.420973 0.0704937
0.427257 0.0703615
0.43354 0.0702388
0.439823 0.0701181
0.446106 0.0700395
0.452389 0.0700107
0.458673 0.0699825
0.464956 0.0699334
0.471239 0.0698423
0.477522 0.0697525
0.483805 0.0696607
0.490088 0.0695267
0.496372 0.0693947
0.502655 0.0692646
0.508938 0.0691582
0.515221 0.0690644
0.521504 0.0689718
0.527788 0.0688784
0.534071 0.0687677
0.540354 0.0686585
0.546637 0.0685508
0.55292 0.0684349
0.559203 0.0683054
0.565487 0.0681776
0.57177 0.0680514
0.578053 0.0679302
0.584336 0.067814
0.590619 0.0676992
0.596903 0.0675858
0.603186 0.0674665
0.609469 0.0673393
0.615752 0.0672136
0.622035 0.0670895
0.628319 0.0669652
0.634602 0.0668359
0.640885 0.0667082
0.647168 0.0665819
0.653451 0.0664571
0.659734 0.0663305
0.666018 0.0662043
0.672301 0.0660796
0.678584 0.0659562
0.684867 0.065833
0.69115 0.0657025
0.697434 0.0655734
0.703717 0.0654457
0.71 0.0653195
0.716283 0.0651932
0.722566 0.0650649
0.728849 0.0649379
0.735133 0.0648123
0.741416 0.0646881
0.747699 0.0645636
0.753982 0.0644354
0.760265 0.0643086
0.766549 0.0641831
0.772832 0.0640589
0.779115 0.0639359
0.785398 0.063809
0.791681 0.0636831
0.797965 0.0635585
0.804248 0.063435
0.810531 0.0633128
0.816814 0.0631893
0.823097 0.0630637
0.82938 0.0629393
0.835664 0.062816
0.841947 0.062694
0.84823 0.0625731
0.854513 0.0624503
0.860796 0.0623272
0.86708 0.0622052
0.873363 0.0620844
0.879646 0.0619646
0.885929 0.061846
0.892212 0.0617255
0.898495 0.0616044
0.904779 0.0614844
0.911062 0.0613655
0.917345 0.0612476
0.923628 0.0611308
0.929911 0.0610135
0.936195 0.0608945
0.942478 0.0607766
0.948761 0.0606596
0.955044 0.0605436
0.961327 0.0604287
0.967611 0.0603147
0.973894 0.0601989
0.980177 0.0600832
0.98646 0.0599685
0.992743 0.0598548
0.999026 0.059742
1.00531 0.0596301
1.01159 0.0595191
1.01788 0.059406
1.02416 0.0592934
1.03044 0.0591816
1.03673 0.0590708
1.04301 0.0589608
1.04929 0.0588518
1.05558 0.0587435
1.06186 0.0586336
1.06814 0.0585234
1.07442 0.0584141
1.08071 0.0583056
1.08699 0.0581979
1.09327 0.0580911
1.09956 0.057985
1.10584 0.0578793
1.11212 0.0577721
1.11841 0.0576656
1.12469 0.05756
1.13097 0.0574552
1.13726 0.0573511
1.14354 0.0572478
1.14982 0.0571452
1.15611 0.0570425
1.16239 0.0569388
1.16867 0.0568359
1.17496 0.0567337
1.18124 0.0566322
1.18752 0.0565315
1.19381 0.0564315
1.20009 0.0563321
1.20637 0.056233
1.21265 0.0561321
1.21894 0.0560318
1.22522 0.0559322
1.2315 0.0558333
1.23779 0.0557351
1.24407 0.0556376
1.25035 0.0555407
1.25664 0.0554445
1.26292 0.0553477
1.2692 0.0552506
1.27549 0.0551543
1.28177 0.0550585
1.28805 0.0549634
1.29434 0.054869
1.30062 0.0547751
1.3069 0.0546819
1.31319 0.0545892
1.31947 0.0544958
1.32575 0.0544022
1.33204 0.0543091
1.33832 0.0542167
1.3446 0.0541249
1.35088 0.0540336
1.35717 0.053943
1.36345 0.0538529
1.36973 0.0537633
1.37602 0.0536737
1.3823 0.053583
1.38858 0.0534929
1.39487 0.0534034
1.40115 0.0533144
1.40743 0.053226
1.41372 0.0531381
1.42 0.0530507
1.42628 0.0529639
1.43257 0.0528776
1.43885 0.0527909
1.44513 0.0527039
1.45142 0.0526174
1.4577 0.0525314
1.46398 0.052446
1.47027 0.052361
1.47655 0.0522766
1.48283 0.0521926
1.48911 0.0521091
1.4954 0.0520262
1.50168 0.0519431
1.50796 0.0518594
1.51425 0.0517763
1.52053 0.0516936
1.52681 0.0516113
1.5331 0.0515296
1.53938 0.0514483
1.54566 0.0513674
1.55195 0.051287
1.55823 0.0512071
1.56451 0.0511276
1.5708 0.0510474
1.57708 0.050967
1.58336 0.050887
1.58965 0.0508075
1.59593 0.0507284
1.60221 0.0506498
1.6085 0.0505716
1.61478 0.0504938
1.62106 0.0504165
1.62734 0.0503395
1.63363 0.050263
1.63991 0.0501862
1.64619 0.0501091
1.65248 0.0500324
1.65876 0.0499561
1.66504 0.0498802
1.67133 0.0498048
1.67761 0.0497297
1.68389 0.049655
1.69018 0.0495807
1.69646 0.0495068
1.70274 0.0494333
1.70903 0.0493602
1.71531 0.0492863
1.72159 0.0492126
1.72788 0.0491393
1.73416 0.0490664
1.74044 0.0489939
1.74673 0.0489217
1.75301 0.0488499
1.75929 0.0487784
1.76558 0.0487074
1.77186 0.0486366
1.77814 0.0485663
1.78442 0.0484962
1.79071 0.0484256
1.79699 0.0483549
1.80327 0.0482846
1.80956 0.0482146
1.81584 0.0481449
1.82212 0.0480756
1.82841 0.0480067
1.83469 0.047938
1.84097 0.0478697
1.84726 0.0478018
1.85354 0.0477341
1.85982 0.0476668
1.86611 0.0475998
1.87239 0.047532
1.87867 0.0474645
1.88496 0.0473973
1.89124 0.0473305
1.89752 0.0472639
1.90381 0.0471977
1.91009 0.0471318
1.91637 0.0470662
1.92265 0.0470009
1.92894 0.0469359
1.93522 0.0468712
1.9415 0.0468068
1.94779 0.0467427
1.95407 0.0466782
1.96035 0.0466137
1.96664 0.0465495
1.97292 0.0464855
1.9792 0.0464219
1.98549 0.0463586
1.99177 0.0462955
1.99805 0.0462327
2.00434 0.0461703
2.01062 0.046108
2.0169 0.0460461
2.02319 0.0459845
2.02947 0.0459231
2.03575 0.045862
2.04204 0.0458003
2.04832 0.0457387
2.0546 0.0456774
2.06088 0.0456164
2.06717 0.0455557
2.07345 0.0454952
2.07973 0.0454349
2.08602 0.045375
2.0923 0.0453153
2.09858 0.0452558
2.10487 0.0451966
2.11115 0.0451377
2.11743 0.045079
2.12372 0.0450206
2.13 0.044962
2.13628 0.0449031
2.14257 0.0448445
2.14885 0.0447861
2.15513 0.0447279
2.16142 0.04467
2.1677 0.0446123
2.17398 0.0445549
2.18027 0.0444977
2.18655 0.0444408
2.19283 0.044384
2.19911 0.0443276
2.2054 0.0442713
2.21168 0.0442153
2.21796 0.0441595
2.22425 0.0441038
2.23053 0.0440477
2.23681 0.0439918
2.2431 0.0439361
2.24938 0.0438807
2.25566 0.0438255
2.26195 0.0437705
2.26823 0.0437157
2.27451 0.0436612
2.2808 0.0436069
2.28708 0.0435527
2.29336 0.0434989
2.29965 0.0434452
2.30593 0.0433917
2.31221 0.0433385
2.3185 0.0432854
2.32478 0.0432323
2.33106 0.0431789
2.33734 0.0431258
2.34363 0.0430728
2.34991 0.0430201
2.35619 0.0429675
2.36248 0.0429152
2.36876 0.0428631
2.37504 0.0428111
2.38133 0.0427594
2.38761 0.0427079
2.39389 0.0426565
2.40018 0.0426054
2.40646 0.0425544
2.41274 0.0425037
2.41903 0.0424531
2.42531 0.0424028
2.43159 0.0423519
2.43788 0.0423012
2.44416 0.0422506
2.45044 0.0422003
2.45673 0.0421501
2.46301 0.0421001
2.46929 0.0420503
2.47558 0.0420006
2.48186 0.0419512
2.48814 0.0419019
2.49442 0.0418529
2.50071 0.041804
2.50699 0.0417553
2.51327 0.0417067
2.51956 0.0416584
2.52584 0.0416102
2.53212 0.0415622
2.53841 0.041514
2.54469 0.0414657
2.55097 0.0414177
2.55726 0.0413697
2.56354 0.041322
2.56982 0.0412744
2.57611 0.041227
2.58239 0.0411798
2.58867 0.0411328
2.59496 0.0410859
2.60124 0.0410391
2.60752 0.0409926
2.61381 0.0409462
2.62009 0.0409
2.62637 0.0408539
2.63265 0.040808
2.63894 0.0407623
2.64522 0.0407167
2.6515 0.040671
2.65779 0.0406251
2.66407 0.0405794
2.67035 0.0405339
2.67664 0.0404886
2.68292 0.0404434
2.6892 0.0403983
2.69549 0.0403534
2.70177 0.0403087
2.70805 0.0402641
2.71434 0.0402197
2.72062 0.0401754
2.7269 0.0401313
2.73319 0.0400873
2.73947 0.0400434
2.74575 0.0399998
2.75204 0.0399562
2.75832 0.0399128
2.7646 0.0398696
2.77088 0.0398261
2.77717 0.0397826
2.78345 0.0397391
2.78973 0.0396959
2.79602 0.0396527
2.8023 0.0396097
2.80858 0.0395669
2.81487 0.0395242
2.82115 0.0394816
2.82743 0.0394392
2.83372 0.0393969
2.84 0.0393548
2.84628 0.0393128
2.85257 0.0392709
2.85885 0.0392292
2.86513 0.0391876
2.87142 0.0391461
2.8777 0.0391048
2.88398 0.0390636
2.89027 0.0390226
2.89655 0.0389812
2.90283 0.0389399
2.90911 0.0388988
2.9154 0.0388578
2.92168 0.0388169
2.92796 0.0387761
2.93425 0.0387355
2.94053 0.038695
2.94681 0.0386547
2.9531 0.0386144
2.95938 0.0385743
2.96566 0.0385343
2.97195 0.0384945
2.97823 0.0384548
2.98451 0.0384152
2.9908 0.0383757
2.99708 0.0383363
3.00336 0.0382971
3.00965 0.038258
3.01593 0.038219
3.02221 0.03818
3.0285 0.0381408
3.03478 0.0381018
3.04106 0.0380628
3.04734 0.038024
3.05363 0.0379853
3.05991 0.0379467
3.06619 0.0379083
3.07248 0.03787
3.07876 0.0378317
3.08504 0.0377936
3.09133 0.0377556
3.09761 0.0377178
3.10389 0.03768
3.11018 0.0376424
3.11646 0.0376048
3.12274 0.0375674
3.12903 0.0375301
3.13531 0.0374929
3.14159 0.0374558
3.14788 0.0374188
3.15416 0.037382
3.16044 0.0373449
3.16673 0.0373078
3.17301 0.0372708
3.17929 0.0372339
3.18557 0.0371971
3.19186 0.0371604
3.19814 0.0371239
3.20442 0.0370874
3.21071 0.0370511
3.21699 0.0370148
3.22327 0.0369787
3.22956 0.0369427
3.23584 0.0369068
3.24212 0.0368709
3.24841 0.0368352
3.25469 0.0367996
3.26097 0.0367641
3.26726 0.0367287
3.27354 0.0366934
3.27982 0.0366582
3.28611 0.0366231
3.29239 0.0365881
3.29867 0.0365531
3.30496 0.0365179
3.31124 0.0364828
3.31752 0.0364478
3.32381 0.036413
3.33009 0.0363782
3.33637 0.0363435
3.34265 0.0363089
3.34894 0.0362744
3.35522 0.03624
3.3615 0.0362057
3.36779 0.0361715
3.37407 0.0361374
3.38035 0.0361034
3.38664 0.0360695
3.39292 0.0360357
3.3992 0.036002
3.40549 0.0359684
3.41177 0.0359348
3.41805 0.0359014
3.42434 0.035868
3.43062 0.0358348
3.4369 0.0358016
3.44319 0.0357685
3.44947 0.0357353
3.45575 0.035702
3.46204 0.0356689
3.46832 0.0356358
3.4746 0.0356028
3.48088 0.0355699
3.48717 0.0355371
3.49345 0.0355044
3.49973 0.0354718
3.50602 0.0354393
3.5123 0.0354068
3.51858 0.0353745
3.52487 0.0353422
3.53115 0.0353101
3.53743 0.035278
3.54372 0.035246
3.55 0.035214
3.55628 0.0351822
3.56257 0.0351505
3.56885 0.0351188
3.57513 0.0350872
3.58142 0.0350557
3.5877 0.0350243
3.59398 0.034993
3.60027 0.0349616
3.60655 0.0349301
3.61283 0.0348987
3.61911 0.0348674
3.6254 0.0348361
3.63168 0.0348049
3.63796 0.0347739
3.64425 0.0347428
3.65053 0.0347119
3.65681 0.0346811
3.6631 0.0346503
3.66938 0.0346196
3.67566 0.034589
3.68195 0.0345585
3.68823 0.034528
3.69451 0.0344977
3.7008 0.0344674
3.70708 0.0344372
3.71336 0.034407
3.71965 0.034377
3.72593 0.034347
3.73221 0.0343171
3.7385 0.0342873
3.74478 0.0342575
3.75106 0.0342278
3.75734 0.0341982
3.76363 0.0341685
3.76991 0.0341388
3.77619 0.0341091
3.78248 0.0340795
3.78876 0.0340499
3.79504 0.0340205
3.80133 0.0339911
3.80761 0.0339618
3.81389 0.0339326
3.82018 0.0339034
3.82646 0.0338743
3.83274 0.0338453
3.83903 0.0338163
3.84531 0.0337875
3.85159 0.0337587
3.85788 0.0337299
3.86416 0.0337013
3.87044 0.0336727
3.87673 0.0336442
3.88301 0.0336157
3.88929 0.0335874
3.89557 0.033559
3.90186 0.0335308
3.90814 0.0335026
3.91442 0.0334745
3.92071 0.0334465
3.92699 0.0334186
3.93327 0.0333904
3.93956 0.0333623
3.94584 0.0333343
3.95212 0.0333064
3.95841 0.0332785
3.96469 0.0332506
3.97097 0.0332229
3.97726 0.0331952
3.98354 0.0331676
3.98982 0.03314
3.99611 0.0331125
4.00239 0.0330851
4.00867 0.0330578
4.01496 0.0330305
4.02124 0.0330032
4.02752 0.0329761
4.0338 0.032949
4.04009 0.032922
4.04637 0.032895
4.05265 0.0328681
4.05894 0.0328412
4.06522 0.0328145
4.0715 0.0327878
4.07779 0.0327611
4.08407 0.0327345
4.09035 0.032708
4.09664 0.0326815
4.10292 0.0326551
4.1092 0.0326286
4.11549 0.032602
4.12177 0.0325756
4.12805 0.0325491
4.13434 0.0325228
4.14062 0.0324965
4.1469 0.0324703
4.15319 0.0324441
4.15947 0.032418
4.16575 0.0323919
4.17204 0.032366
4.17832 0.03234
4.1846 0.0323142
4.19088 0.0322883
4.19717 0.0322626
4.20345 0.0322369
4.20973 0.0322113
4.21602 0.0321857
4.2223 0.0321602
4.22858 0.0321347
4.23487 0.0321093
4.24115 0.032084
4.24743 0.0320587
4.25372 0.0320335
4.26 0.0320083
4.26628 0.0319832
4.27257 0.0319581
4.27885 0.0319331
4.28513 0.0319082
4.29142 0.0318832
4.2977 0.0318581
4.30398 0.0318331
4.31027 0.0318081
4.31655 0.0317832
4.32283 0.0317583
4.32911 0.0317335
4.3354 0.0317087
4.34168 0.031684
4.34796 0.0316594
4.35425 0.0316348
4.36053 0.0316103
4.36681 0.0315858
4.3731 0.0315614
4.37938 0.031537
4.38566 0.0315127
4.39195 0.0314884
4.39823 0.0314642
4.40451 0.0314401
4.4108 0.031416
4.41708 0.0313919
4.42336 0.0313679
4.42965 0.031344
4.43593 0.0313201
4.44221 0.0312962
4.4485 0.0312725
4.45478 0.0312487
4.46106 0.031225
4.46734 0.0312014
4.47363 0.0311778
4.47991 0.0311543
4.48619 0.0311306
4.49248 0.031107
4.49876 0.0310834
4.50504 0.0310598
4.51133 0.0310364
4.51761 0.0310129
4.52389 0.0309896
4.53018 0.0309662
4.53646 0.0309429
4.54274 0.0309197
4.54903 0.0308965
4.55531 0.0308734
4.56159 0.0308503
4.56788 0.0308273
4.57416 0.0308043
4.58044 0.0307814
4.58673 0.0307585
4.59301 0.0307356
4.59929 0.0307128
4.60557 0.0306901
4.61186 0.0306674
4.61814 0.0306447
4.62442 0.0306221
4.63071 0.0305996
4.63699 0.0305771
4.64327 0.0305546
4.64956 0.0305322
4.65584 0.0305099
4.66212 0.0304875
4.66841 0.0304653
4.67469 0.030443
4.68097 0.0304208
4.68726 0.0303985
4.69354 0.0303762
4.69982 0.030354
4.70611 0.0303318
4.71239 0.0303096
4.71867 0.0302875
4.72496 0.0302655
4.73124 0.0302435
4.73752 0.0302215
4.7438 0.0301996
4.75009 0.0301777
4.75637 0.0301559
4.76265 0.0301341
4.76894 0.0301124
4.77522 0.0300907
4.7815 0.030069
4.78779 0.0300474
4.79407 0.0300258
4.80035 0.0300043
4.80664 0.0299828
4.81292 0.0299614
4.8192 0.02994
4.82549 0.0299187
4.83177 0.0298973
4.83805 0.0298761
4.84434 0.0298549
4.85062 0.0298337
4.8569 0.0298125
4.86319 0.0297915
4.86947 0.0297704
4.87575 0.0297494
4.88203 0.0297284
4.88832 0.0297075
4.8946 0.0296865
4.90088 0.0296655
4.90717 0.0296445
4.91345 0.0296235
4.91973 0.0296026
4.92602 0.0295817
4.9323 0.0295609
4.93858 0.0295401
4.94487 0.0295194
4.95115 0.0294987
4.95743 0.029478
4.96372 0.0294574
4.97 0.0294368
4.97628 0.0294162
4.98257 0.0293957
4.98885 0.0293753
4.99513 0.0293548
5.00142 0.0293345
5.0077 0.0293141
5.01398 0.0292938
5.02027 0.0292736
5.02655 0.0292533
5.03283 0.0292331
5.03911 0.029213
5.0454 0.0291929
5.05168 0.0291728
5.05796 0.0291528
5.06425 0.0291328
5.07053 0.0291128
5.07681 0.0290929
5.0831 0.0290731
5.08938 0.0290532
5.09566 0.0290334
5.10195 0.0290137
5.10823 0.0289939
5.11451 0.0289741
5.1208 0.0289543
5.12708 0.0289345
5.13336 0.0289148
5.13965 0.0288951
5.14593 0.0288754
5.15221 0.0288558
5.1585 0.0288362
5.16478 0.0288167
5.17106 0.0287972
5.17734 0.0287777
5.18363 0.0287583
5.18991 0.0287389
5.19619 0.0287195
5.20248 0.0287002
5.20876 0.0286809
5.21504 0.0286616
5.22133 0.0286424
5.22761 0.0286232
5.23389 0.0286041
5.24018 0.028585
5.24646 0.0285659
5.25274 0.0285468
5.25903 0.0285278
5.26531 0.0285089
5.27159 0.0284899
5.27788 0.028471
5.28416 0.0284522
5.29044 0.0284334
5.29673 0.0284146
5.30301 0.0283958
5.30929 0.0283771
5.31557 0.0283584
5.32186 0.0283397
5.32814 0.0283211
5.33442 0.0283025
5.34071 0.0282839
5.34699 0.0282652
5.35327 0.0282466
5.35956 0.028228
5.36584 0.0282094
5.37212 0.0281909
5.37841 0.0281724
5.38469 0.028154
5.39097 0.0281355
5.39726 0.0281171
5.40354 0.0280988
5.40982 0.0280804
5.41611 0.0280621
5.42239 0.0280439
5.42867 0.0280256
5.43496 0.0280074
5.44124 0.0279893
5.44752 0.0279711
5.4538 0.027953
5.46009 0.027935
5.46637 0.0279169
5.47265 0.0278989
5.47894 0.027881
5.48522 0.027863
5.4915 0.0278451
5.49779 0.0278273
5.50407 0.0278094
5.51035 0.0277916
5.51664 0.0277738
5.52292 0.0277561
5.5292 0.0277384
5.53549 0.0277207
5.54177 0.027703
5.54805 0.0276854
5.55434 0.0276678
5.56062 0.0276503
5.5669 0.0276327
5.57319 0.0276152
5.57947 0.0275977
5.58575 0.0275801
5.59203 0.0275626
5.59832 0.027545
5.6046 0.0275275
5.61088 0.0275101
5.61717 0.0274926
5.62345 0.0274752
5.62973 0.0274579
5.63602 0.0274405
5.6423 0.0274232
5.64858 0.0274059
5.65487 0.0273886
5.66115 0.0273714
5.66743 0.0273542
5.67372 0.0273371
5.68 0.0273199
5.68628 0.0273028
5.69257 0.0272857
5.69885 0.0272687
5.70513 0.0272517
5.71142 0.0272347
5.7177 0.0272177
5.72398 0.0272008
5.73027 0.0271839
5.73655 0.027167
5.74283 0.0271502
5.74911 0.0271334
5.7554 0.0271166
5.76168 0.0270998
5.76796 0.0270831
5.77425 0.0270664
5.78053 0.0270497
5.78681 0.0270331
5.7931 0.0270165
5.79938 0.0269999
5.80566 0.0269833
5.81195 0.0269668
5.81823 0.0269503
5.82451 0.0269338
5.8308 0.0269173
5.83708 0.0269008
5.84336 0.0268843
5.84965 0.0268678
5.85593 0.0268513
5.86221 0.0268349
5.8685 0.0268185
5.87478 0.0268021
5.88106 0.0267858
5.88734 0.0267695
5.89363 0.0267532
5.89991 0.0267369
5.90619 0.0267207
5.91248 0.0267045
5.91876 0.0266883
5.92504 0.0266721
5.93133 0.026656
5.93761 0.0266399
5.94389 0.0266238
5.95018 0.0266078
5.95646 0.0265917
5.96274 0.0265758
5.96903 0.0265598
5.97531 0.0265438
5.98159 0.0265279
5.98788 0.026512
5.99416 0.0264962
6.00044 0.0264803
6.00673 0.0264645
6.01301 0.0264487
6.01929 0.026433
6.02557 0.0264172
6.03186 0.0264015
6.03814 0.0263859
6.04442 0.0263702
6.05071 0.0263546
6.05699 0.026339
6.06327 0.0263234
6.06956 0.0263078
6.07584 0.0262923
6.08212 0.0262768
6.08841 0.0262613
6.09469 0.0262458
6.10097 0.0262302
6.10726 0.0262147
6.11354 0.0261992
6.11982 0.0261837
6.12611 0.0261683
6.13239 0.0261529
6.13867 0.0261375
6.14496 0.0261221
6.15124 0.0261067
6.15752 0.0260914
6.1638 0.0260761
6.17009 0.0260609
6.17637 0.0260456
6.18265 0.0260304
6.18894 0.0260152
6.19522 0.026
6.2015 0.0259849
6.20779 0.0259697
6.21407 0.0259546
6.22035 0.0259395
6.22664 0.0259245
6.23292 0.0259095
6.2392 0.0258945
6.24549 0.0258795
6.25177 0.0258645
6.25805 0.0258496
6.26434 0.0258347
6.27062 0.0258198
6.2769 0.0258049
6.28319 0.0257901
6.28947 0.0257753
6.29575 0.0257605
6.30203 0.0257457
6.30832 0.0257309
6.3146 0.0257162
6.32088 0.0257015
6.32717 0.0256868
6.33345 0.0256722
6.33973 0.0256575
6.34602 0.0256429
6.3523 0.0256284
6.35858 0.0256138
6.36487 0.0255992
6.37115 0.0255845
6.37743 0.0255699
6.38372 0.0255553
6.39 0.0255408
6.39628 0.0255262
6.40257 0.0255117
6.40885 0.0254972
6.41513 0.0254827
6.42142 0.0254682
6.4277 0.0254538
6.43398 0.0254394
6.44026 0.025425
