2.83291 4613.83
9.09457 6698.19
3.81238 17495
1.85037 -1811.25
1.70292 -3484.58
1.74463 -4665.89
3.83216 -525.824
4.58825 151.05
3.95101 -41535.4
998.867 -30224
991.339 -12354.9
988 -22329.6
989.646 -45164
996.983 -27370.6
999.779 -21386.1
998.632 -25660.9
997.875 -28917.9
996.827 -32933.9
993.89 -41864.3
994.533 -41480.8
993.339 -45878
994.785 -43406.5
998.819 -34201.9
2.3114 -26408.1
999.422 -35213.7
996.42 -44312.6
998.035 -41399.7
1.05813 -34827.2
0.805442 -36774.2
0.886213 -37853.9
0.792963 -39386.3
996.452 -51968
995.047 -56910.6
997.432 -51997
999.205 -48675.1
998.635 -51448.1
999.72 -49915.9
998.736 -53766.3
997.147 -59188
993.929 -68847.2
996.213 -64196.9
995.974 -66107.6
992.487 -76469.7
989.082 -86615
987.691 -91523.6
987.933 -105095
982.777 -93970.8
980.37 -114434
976.488 -125823
977.396 -124751
984.671 -107118
986.571 -103465
986.004 -106229
984.24 -112108
983.938 -114183
985.549 -111283
989.124 -103273
994.184 -91402.3
995.707 -88729.1
996.557 -87809.5
996.072 -90359.1
996.356 -90910
0.237659 -82104.3
6.88209 -66111.3
11.9455 -54230.6
8.99123 -63204.8
7.03863 -69573.5
6.14758 -73181
6.03432 -74765.4
9.3557 -67416
11.5723 -62940.2
15.8079 -53212.7
21.2382 -40377.9
23.309 -36281.3
27.0286 -27896
30.2239 -20874.4
32.99 -14969.3
31.0109 -21406.9
30.6473 -23642.7
28.9307 -29397.5
29.393 -29484.7
35.7768 -14169.7
41.92 519.713
45.5727 8730.75
47.003 11161.4
46.234 7871.25
45.6061 4948.39
44.6192 -24734.6
37.25 -6453.24
33.7595 -16822.2
37.7059 -20760
40.5691 -14602.4
38.4946 -21288.2
35.6781 -29903.9
35.7081 -31115.8
35.536 -32853.1
36.5818 -31422.8
37.0539 -31484.7
35.0559 -37971.4
32.1148 -46911.4
29.8546 -54080.1
35.4315 -40863.9
37.531 -36692.7
35.1343 -44216.6
35.9425 -43404.1
32.9616 -52447.6
31.3502 -57928.8
30.5456 -61311.3
26.5163 -73081.9
25.6919 -76516
24.5493 -80777.7
26.0429 -78182.5
25.3945 -81159
28.2305 -75072
28.0552 -76817.8
28.9249 -75845.3
30.8144 -72220.5
35.1666 -62189.8
43.8007 -41021.3
44.1863 -41308.1
43.896 -43353.2
49.8279 -29213.4
50.7589 -28081.6
53.7344 -21631.7
52.5305 -26053
53.1348 -25771.2
58.3895 -13392.7
59.6316 -11451.9
63.6779 -2216.67
67.6427 6806.15
65.9691 -24662.9
58.2077 -7401.61
55.9347 -14603.8
59.7636 -18847.3
68.3488 2193.83
68.4854 1259.28
66.8402 -4309.83
71.8409 7407.89
75.6858 16119.1
77.1646 18675.8
77.9196 19349.6
83.5987 32831.8
87.6824 42164.1
90.0828 47117.9
87.9672 40325.3
86.0939 34163
87.1784 35693.9
89.1697 39583.7
89.4209 38947.3
85.386 27162.4
86.7897 29523.7
85.8607 25817.6
84.8189 21817.8
86.9112 25970.4
88.4766 28752.4
86.4167 22104.5
82.9693 11847.6
80.8454 5033.25
76.9928 -6277.45
78.1464 -4566.71
79.9095 -1270.32
83.1715 5924.51
82.955 4071.56
84.4028 6547.83
93.0209 27674.5
99.6094 43522.1
96.3793 33830.5
92.4496 22319.2
92.3633 20804.8
90.6297 15005.6
87.0398 4378.17
93.8065 20689.3
94.8482 22109.1
92.9651 15921.1
89.6283 5952.03
89.8677 5284.8
94.9649 17253.3
96.2274 19247.4
102.106 33248.1
103.89 36599.4
107.971 45924.6
111.846 54713
117.684 68609.8
117.328 66394.4
113.642 55515.8
116.162 60780.8
124.228 80470.7
125.082 81403.4
125.364 80845.9
126.011 81240.4
125.79 66462.1
120.565 77406.9
117.06 54087.3
116.019 50090.9
115.254 46811.9
113.423 40758.7
119.179 54439.4
114.966 42193
111.243 31219.9
110.545 28113.8
106.466 16213.8
102.763 5291.56
98.0898 -8153.27
96.9221 -12480.4
101.15 -2772.63
107.039 11254.6
109.581 16576.1
109.762 15758.9
114.058 25641.6
117.616 33607
116.463 29319.3
116.057 26972.8
123.048 43866.4
128.697 57271.1
129.565 58239.4
128.551 54312.1
126.852 48603.4
128.424 51401.9
129.07 51793.5
126.929 44934.5
124.86 38261.2
123.881 34427.2
126.976 41186.4
128.65 44251.7
134.262 57559.9
137.638 65050
135.652 58594.8
137.737 49815.3
138.774 -430.752
137.818 -30032.4
123.998 23121.7
116.516 54022.1
116.559 1192.67
109.16 32310.4
105.919 9676.99
107.375 -13652.9
103.51 -24994.1
105.047 -35198.7
104.417 -38129.5
107.171 -32254.5
110.024 -26123.7
114.244 -16437.9
119.987 -2789.14
127.577 15664.4
128.334 16344
131.149 22376.5
139.185 41987.1
135.151 30206.6
133.055 23464.8
135.641 28901.3
138.527 35116.8
147.756 57833.1
144.756 48741.3
141.513 39014.3
142.399 40030.5
142.561 39160.8
141.494 35095.7
144.525 41690.1
148.983 51995.7
152.872 60822.1
152.668 59002.5
154.93 63595.9
153.215 57845.1
156.736 65712.3
157.947 67573.3
158.872 68688.8
161.543 74348.6
159.554 54972.2
154.307 65858.3
157.577 60163
162.027 70447.4
158.646 60363.3
154.906 49344
154.06 32942.2
151.244 11413.7
144.006 42949.7
139.682 17500.5
140.443 5275.72
143.379 11623.4
143.22 9919.76
142.944 7912.81
142.252 4822.5
139.067 -4751.75
137.892 -9098.16
134.83 -18351.2
130.089 -31974.7
126.849 -41691.3
126.768 -43192.6
129.201 -38154.1
128.003 -42559.6
130.434 -37526.4
132.74 -32816.1
128.408 -45375.2
124.539 -56727.6
130.967 -41298.7
132.503 -51506.2
126.783 -41848.5
125.816 -58565.9
128.816 -52051.2
126.494 -59383
125.729 -62661.6
127.209 -60100.8
126.322 -63698.3
130.965 -52910.3
139.216 -97304.8
140.523 -121021
131.132 -120911
124.994 -112340
119.858 -88251.3
113.059 -81400.3
107.035 -59618
101.694 -48975.9
97.9587 -72894
105.088 -133119
110.519 -120281
109.201 -124998
114.56 -112349
113.64 -116033
116.117 -110880
121.469 -98249.4
125.848 -88147.4
127.706 -84605.4
127.187 -87245.1
130.822 -79078.9
130.149 -95032.4
125.329 -83033.8
122.758 -103924
120.547 -110965
122.684 -106696
124.686 -102779
126.206 -100115
129.67 -92393.2
130.764 -90838
131.451 -90340.3
132.293 -89440.3
133.787 -86845.9
139.935 -72142.5
139.516 -74522.9
135.67 -85817.1
134.717 -89584.4
132.806 -95845.6
130.67 -102692
131.643 -101449
133.739 -97288.3
135.066 -95125.2
134 -99188.3
134.354 -99557.9
136.478 -95322.9
132.54 -106855
131.414 -111074
138.163 -94809.4
139.42 -92829.6
143.207 -84269.3
146.48 -77046.3
149.511 -70452.5
150.519 -69120.2
150.448 -70592.4
155.157 -59634.1
157.651 -54436.5
155.695 -60816.1
151.346 -73417.1
148.043 -83297.5
153.32 -70861.4
154.513 -69048.4
155.581 -67560
159.78 -57927.3
161.235 -55432.4
166.011 -44301.3
168.239 -39794.2
167.09 -44073.7
171.937 -32756.2
173.986 -28717.2
171.153 -37375.8
175.199 -28139.6
176.607 -25766.9
178.994 -20848
183.562 -10256.6
187.655 -900.696
187.331 -3032.51
189.485 -11633.1
183.87 -1700.84
183.407 -17108.2
181.245 -36935.9
174.981 -28692.1
175.41 -41780
176.716 -39672.7
173.197 -50116.4
169.722 -60443.3
168.316 -65392.2
168.54 -66098.2
172.037 -58292.3
172.641 -58010.2
172.023 -60909
170.442 -66308.7
168.95 -71479.3
172.933 -62409.4
175.753 -56365.6
177.984 -51850.8
174.347 -62602.9
173.741 -65467.4
173.294 -67920.6
168.833 -80813.8
166.529 -88096.3
167.947 -85698.5
169.183 -83773.7
172.311 -76924.8
174.142 -73453.6
171.721 -81039.7
174.07 -76221.3
171.294 -84730.5
168.307 -93791
171.122 -87757.8
173.765 -82172.4
176.632 -76004
177.436 -75203.7
181.404 -66171.1
188.142 -49935.3
193.173 -38140.8
196.199 -31559.6
197.403 -29716.7
194.011 -39830.5
193.879 -41461.6
195.125 -39511.9
196.653 -36825.3
196.565 -64172.1
190.086 -56487.5
182.544 -51568.4
183.245 -76860.8
181.382 -82995.9
185.397 -73842.4
185.223 -75587
186.095 -74606.2
186.138 -75784.4
184.881 -80345.4
189.824 -68776.6
193.03 -61728.6
195.738 -55974.6
196.85 -54370.6
197.017 -55226.5
200.955 -46274
200.367 -49092.1
200.255 -50673.3
197.843 -58237.6
194.026 -69454.6
194.78 -68783.8
200.339 -55615.2
200.952 -55308.9
198.464 -63070.9
201.288 -57016.6
203.49 -52577.1
205.588 -48411
210.478 -36980.2
216.615 -22308.8
216.869 -22936.5
214.992 -29108.2
218.087 -22349.5
218.202 -23338.7
222.152 -14353.6
225.664 -6509.79
225.081 -9315.41
221.18 -20752.2
221.065 -22341.3
222.548 -19772.1
223.646 -18205.8
221.031 -26299
223.681 -20695.9
225.401 -17512.6
222.372 -26679
219.845 -34542.4
215.052 -48300
215.223 -49144.7
217.837 -43634.7
214.679 -53138.6
211.343 -63106.4
213.164 -59659.6
212.464 -62769.1
215.171 -57019.3
218.666 -49217
221.108 -44155
223.833 -51270.1
218.038 -41808.2
215.294 -63147.2
219.148 -54412.4
218.142 -58320.3
217.51 -61253.9
215.152 -68676.5
214.11 -72675.9
212.303 -78667.4
208.719 -102191
203.821 -90394.7
202.374 -121275
195.943 -113468
193.141 -134958
196.943 -126359
197.978 -124955
199.029 -123511
199.621 -123263
203.163 -115339
201.964 -119747
203.714 -116485
212.998 -93625.7
215.088 -89479.7
218.084 -82976.6
224.536 -67485.4
230.672 -52814.2
236.855 -38020.3
235.435 -43003.7
236.99 -40248.6
237.52 -40159.9
237.001 -42800.5
234.794 -49830
239.037 -40083.6
249.756 -13491.8
249.361 -15808.6
253.602 -6067.21
256.092 -881.778
255.513 -3677.01
255.914 -3923.1
257.706 -552.964
255.625 -7255.96
253.468 -14156.7
252.676 -17505.4
257.245 -6911.25
256.683 -9662.6
258.589 -5994.26
257.637 -22674.8
252.704 -10968.1
249.767 -45723.3
246.864 -67477.4
239.813 -35455.3
236.065 -59407.3
235.872 -74111.5
237.55 -71037.2
242.664 -59025.7
248.905 -44082.7
246.143 -52555.4
244.317 -58596.4
241.143 -68140.1
239.706 -73169.1
238.124 -78572.9
236.871 -96035.3
231.303 -85981.1
232.57 -96888.1
236.061 -89098
243.144 -71965.7
251.146 -65352.6
250.758 -93478.5
247.554 -103104
238.861 -75352.2
231.632 -56705.1
230.971 -85540
237.104 -96704.2
241.314 -87043.7
240.015 -91712.2
241.653 -88739.9
244.889 -81614.7
246.709 -78169.2
252.289 -64944.8
251.492 -68306.8
256.745 -55933.1
254.7 -62543
256.731 -58549.4
257.679 -57373.6
258.618 -69133.6
251.755 -62449.4
251.18 -78149.3
251.036 -79813.4
256.38 -67200.9
256.906 -67124.1
258.666 -63834.4
260.348 -60751.5
258.869 -65887
256.118 -74333.3
257.312 -72515.5
255.658 -78109.6
258.193 -85716.6
257.538 -101624
251.896 -91763.1
242.648 -78370
249.727 -99985.2
255.884 -85260.1
259.812 -76332
262.265 -71241.3
266.118 -62509.2
268.306 -58109
270.38 -54003
275.154 -42873.9
274.274 -46454.9
275.447 -44693.7
274.335 -48874
274.402 -49990.8
277.71 -42677
279.063 -40446.2
278.988 -41930
284.381 -29194.3
288.719 -19200.2
293.112 -9063.36
298.407 3421.5
301.067 9050.51
299.169 2822.69
299.209 1636.91
296.191 -20415.2
289.964 -12077.3
287.492 -32710.2
287.391 -34261.6
288.743 -32036.1
291.754 -25492.4
290.592 -29806
293.247 -24189.7
294.874 -21245.7
298.163 -13982.8
296.13 -20560.6
296.948 -19721.8
296.956 -20991.5
295.832 -25203.9
295.684 -39792.4
290.757 -28072.3
298.221 -22859.6
300.711 -17671.3
297.731 -26714.7
300.18 -21632.2
305.853 -59819.7
301.851 -71519.6
293.414 -17275.5
289.228 -29452.9
285.007 -41723.7
281.294 -52669.9
284.588 -71217.8
289.205 -60498.6
287.648 -65839.5
292.239 -55185.6
294.085 -51673.7
298.45 -41609.8
300.507 -37550.7
300.735 -38245.9
298.546 -45229.3
298.234 -47331.6
304.551 -32190.1
309.007 -21888.5
313.012 -12762
321.031 6806.31
330.713 30701
337.121 46078.5
337.22 45046.9
337.626 44812.2
338.712 46347.9
344.962 61313.2
349.361 71465.7
356.594 88989.7
355.922 85953.3
359.182 93141.6
362.837 101361
362.435 99023.8
366.412 108080
374.268 127223
377.004 133050
378.649 136041
385.664 152997
383.369 145737
388.538 157893
389.658 159516
386.423 149812
382.226 137605
378.139 125683
378.15 124423
376.274 105340
369.179 111422
367.099 91808.2
372.278 78164.6
366.74 101208
362.029 87666.1
362.058 73536.7
363.364 75644.5
360.353 66523.1
364.5 76019.8
365.549 77457.9
363.747 71483.3
364.986 73415.5
366.638 76422.6
367.948 78538.9
368.275 78100.1
367.768 75493
363.792 63859.6
365.967 68228.8
362.843 32986.4
358.679 20864.8
352.021 53909.8
348.233 42765.7
350.065 7503.6
344.022 16322.1
340.662 -6620.72
336.527 -18668
333.018 -29083.4
333.724 -28536.9
330.16 -39097.1
329.11 -43117.3
327.205 -49362.3
326.83 -51628.3
327.262 -51794.3
328.876 -48887.4
329.119 -49543.2
330.322 -47703.8
327.884 -55335.5
334.107 -40439.5
343.634 -16947.4
354.442 9875.13
359.526 21807.8
362.472 28180.7
365.911 35838.1
363.667 28709.9
362.18 23552.2
365.527 30968.1
364.533 27093.1
359.753 13369.7
359.712 11973.5
361.321 14868.9
364.662 22269.6
362.063 14221
365.479 21816.4
367.455 25666.7
371.021 33651
369.056 27249.4
370.051 28547.5
371.078 29931.3
371.774 30450
370.242 25175.5
365.754 -701.866
360.725 10755.4
362.105 141.543
367.624 13206.3
373.881 28193.3
370.148 17192
366.185 5594.77
366.085 4044.6
361.497 -9178.75
364.985 -1396.81
368.98 7704.51
374.44 20616.9
378.889 30900.2
381.128 35435
382.504 37724.3
382.465 36332.9
382.07 34015.6
382.709 34386.5
379.767 25444.5
377.552 18395
377.988 18237.1
380.805 24276
380.939 23333.8
381.604 23774.4
382.677 25274.9
385.678 31792.1
392.792 49005.2
389.597 39405.5
388.553 22488.6
382.225 30562.8
382.339 16656.5
378.986 6647.48
378.312 3602.78
378.414 2579.81
380.605 -5925.89
375.633 5678.22
379.216 794.748
381.381 -20688.9
375.935 -10317.5
369.451 -2648.26
369.175 -30481.1
371.386 -26019.8
372.93 -23292.9
374.27 -21098.7
373.804 -23600.8
372.515 -28241.9
370.257 -35404.9
369.293 -39203.7
369.74 -39330.7
369.624 -40920.6
371.256 -37967.1
369.32 -57205.6
369.281 -84421.6
364.797 -97376.1
360.13 -110806
352.297 -67902.3
344.471 -50810.9
343.434 -80622.7
343.375 -120806
345.726 -115981
349.199 -108237
348.476 -111408
347.048 -116413
344.745 -123691
342.266 -131429
343.406 -129755
346.885 -121995
348.187 -119898
347.812 -122164
352.615 -110959
353.451 -110074
352.728 -113247
354.65 -109537
356.501 -106011
357.442 -104852
357.888 -104982
361.333 -97311.2
358.674 -105519
363.795 -93488.7
368.375 -82864
369.501 -81226.6
365.531 -92840.5
364.976 -95575.8
362.009 -104582
360.072 -110909
361.573 -108295
363.034 -105786
368.594 -92612.7
369.634 -91196.8
371.439 -87792.9
377.243 -73985.2
384.545 -56282.3
393.534 -34191.9
398.984 -21303.2
398.497 -23860.8
399.398 -22806.7
405.207 -8987.47
402.436 -17484.6
402.112 -19616.9
399.408 -27939.8
403.165 -19459.2
404.471 -17350.2
402.568 -23590.8
402.364 -25409.7
401.798 -28173.8
406.999 -15934.5
412.493 -2933.43
408.33 -15050.8
405.077 -24802.6
400.337 -38423.3
401.387 -36980
402.525 -48224.3
397.44 -36912.9
394.669 -58324.3
392.219 -65985.5
395.991 -57465.1
401.669 -43987.1
401.828 -44862.6
403.7 -41283.8
407.202 -33463.3
405.49 -39206.9
404.084 -44153.5
401.899 -51127.8
399.844 -57761.3
400.75 -56694.7
401.333 -56468.1
407.846 -40816.5
407.056 -44162.6
413.053 -29853.2
417.674 -19123.8
425.076 -1160.4
424.368 -4290.84
423.694 -7334.49
428.009 2599.1
430.175 6945.39
436.484 22065.4
442.203 35650.1
442.735 35746.2
441.8 32021.8
445.413 40130.7
449.937 50608.1
453.72 59157.6
457.46 67597.4
457.946 67570.9
457.998 66417.8
453.252 52781
455.545 57457
459.231 65754.3
461.896 71396.6
465.643 79852.6
466.1 79753.5
461.916 67579.7
461.114 51290
456.12 62836.7
454.927 45531
452.792 38688.8
453.768 14110.5
447.828 36108.5
443.365 23209.9
443.353 8975.64
445.935 14403
450.709 25531
452.726 29486.5
458.388 42926.4
463.877 55912.4
463.325 27360.2
458.005 38059
452.739 48897.2
455.94 30109.1
457.202 32101.9
456.377 2840.27
449.344 21994.2
446.041 12113.6
446.426 -1086.19
443.011 -11259.9
448.804 2519.72
454.911 17112.6
456.868 20914.3
463.876 37853.1
465.261 40165.3
464.724 37478.3
465.206 37442.1
466.629 39854.9
466.333 37795.7
464.407 18582.9
458.312 27263.6
457.476 -2024.78
451.097 5917.77
448.319 -15510.8
445.21 -24886.9
444.186 -28841.1
442.689 -34023.5
448.044 -21385
456.079 -1775.77
462.052 12472.5
469.196 29763.1
476.642 47843.4
487.268 74192
488.696 76617
488.031 73596.4
489.293 49762.7
482.197 68755.2
477.423 55046.9
478.499 30732
475.237 8043.67
466.654 36081.4
464.31 15780.7
464.583 2288.7
468.072 10074
469.043 11308
468.361 8245.5
470.058 11369.3
469.866 9581.44
472.598 15398
478.451 29330.8
478.715 28728.3
476.655 22080.4
473.949 13752.2
473.59 11526.8
473.056 8849.17
471.475 3446.67
470.416 -596.941
476.32 13469.6
477.873 16220.7
475.888 9766.23
475.508 7488.93
474.835 4447.93
477.157 9197.97
476.366 5850.75
478.648 10496.5
475.843 1909.71
472.889 -7062.43
476.303 527.802
483.301 17441.4
482.724 14648.5
482.108 11758.6
480.881 7277.18
480.648 5379.71
479.83 1963.06
476.705 -7455.27
482.129 -20463.8
475.056 -1410.83
471.311 -12442
474.92 -17256.5
479.045 -7816.65
486.045 9099.24
487.853 12513.2
488.764 13592.9
497.232 21417
496.143 4380.15
487.107 31239.8
486.431 15277.1
487.609 4139.25
491.051 11804
495.194 21289.4
496.237 22713.6
498.208 26550.4
498.048 24842.3
498.573 24918.4
499.143 25113.3
499.877 25731.3
502.824 32107.2
502.958 31166.2
508.156 43395.8
513.2 55225.7
513.67 55158.7
514.372 55695.5
517.858 63473.4
514.759 54122.9
516.234 56669.8
516.286 55514.1
514.091 48515.2
512.817 43913.3
512.338 41377.6
515.474 48243
513.969 43039.2
512.516 25055.7
508.832 14184.6
500.427 29771.3
502.571 8233.53
505.234 13869.6
509.583 23892.1
507.587 17409.5
510.154 22796.4
507.392 14324.7
504.973 6741.56
503.256 -11927.7
496.75 -4313.66
497.286 -17121.6
495.718 -22490.6
491.189 -35560.1
493.059 -31986.3
497.574 -21533.2
494.388 -31109
494.16 -45904.2
488.629 -35754.5
486.691 -54998.9
490.53 -46304.7
493.926 -38761.3
498.372 -28485.6
504.721 -13261.4
507.081 -8412.64
505.995 -12526.9
507 -11202.6
511.933 337.865
511.55 -1946.82
512.12 -1753.36
514.529 3222.64
519.076 13758.5
518.531 11051.6
518.583 9898.74
516.277 2609.62
517.935 5631.71
524.678 21883
530.552 35871.4
541.758 63728.3
546.166 73904.8
547.338 62750.4
542.061 73560.1
543.488 63069.3
544.517 64455.7
544.723 63702.1
547.953 70814.4
544.141 59610.4
545.39 61567.7
549.263 70353
554.094 81627.6
556.449 86465.2
557.288 87357.1
556.194 83221.5
555.939 81269
555.384 52709.3
547.883 70648.3
544.291 60014.2
548.024 55522.1
549.855 58993.9
554.718 70354.4
561.499 86702.7
559.939 81354
566.931 98250.9
571.368 108503
570.874 105929
569.008 99783.9
569.533 99859.7
566.903 91728.9
566.447 89254.8
565.133 84547.2
565.732 84814.4
565.19 69201
563.853 64434.6
555.306 79651.1
554.384 50138.6
558.977 60796.1
558.976 59503.5
559.298 59050
565.005 72604.5
571.392 87927.6
577.335 102097
584.377 80383.9
580.508 69031.9
572.105 97537.7
564.393 102012
564.627 88417.8
567.467 68689.7
567.041 66293.3
569.825 72243.3
569.635 57547.4
566.281 21706.8
559.557 67494
556.162 44458.8
551.611 31331.3
551.465 16749.7
547.921 6240.78
546.559 1407.79
543.181 -34494.5
538.218 -22867.4
532.568 -13026
531.833 -42054.7
528.364 -52368.7
524.698 -63193.6
525.823 -61556.1
530.354 -51061.9
527.982 -71434.5
521.787 -63010.8
524.361 -70518
522.492 -76669.2
521.264 -81153.3
525.844 -70531.3
527.13 -68474.2
529.413 -63827.5
531.153 -60589.5
533.646 -55396.3
536.799 -48484.8
538.609 -45066.5
542.041 -37428.7
543.847 -34021.5
545.234 -57529.5
539.853 -46990.1
534.591 -36140
531.732 -70692
530.62 -74875.8
528.388 -81969.5
529.586 -80143
529.491 -81679.9
529.671 -82503.4
526.928 -90926.3
524.344 -111852
519.096 -100966
524.777 -100391
532.628 -81260.6
537.105 -70904.2
536.985 -72505.6
537.508 -72436.2
535.818 -78120.8
533.218 -86175.8
532.265 -89943.9
536.204 -80987.6
538.317 -76781.4
541.28 -83276.3
540.184 -100330
530.721 -74581.6
528.784 -93824.1
529.996 -104873
534.963 -93243.2
539.385 -83032.3
539.286 -84580.2
539.132 -86268.6
540.295 -84532.9
540.232 -85987.8
541.7 -83458.3
540.986 -86606.5
542.306 -84461.6
542.731 -84646.1
544.721 -80760.5
548.361 -72582.2
554.415 -58123.8
557.859 -50455.5
563.744 -36438.9
565.581 -32950.7
563.973 -38422
563.158 -41832.6
565.466 -37119.7
563.65 -43131.6
569.495 -29219
573.284 -20652.7
571.826 -25734.1
571.61 -27588.1
570.254 -32403.7
570.02 -34301.5
571.957 -30553.9
575.414 -22851.2
578.273 -16703.7
584.517 -1753.37
585.203 -1258.92
585.771 -1070.11
588.329 4293.09
592.692 14352.2
596.778 23688.9
600.943 33232.9
601.2 32612.6
605.015 41245.8
608.099 9238.45
603.057 20659.3
596.077 27039.9
590.895 38098.3
591.196 -1147.76
599.245 18498.1
601.916 24155.3
605.967 7577.15
599.185 27386.8
594.452 13786.3
597.813 8324.35
601.61 16912
602.482 17890.9
599.243 8175.25
596.403 -502.581
592.479 -11999.3
593.354 -11013.3
591.183 -17949.1
590.107 -22037.5
598.033 -2712.33
605.54 15524.3
609.613 24830.5
613.972 34878
616.455 40047.5
615.079 35178.2
613.249 29127.4
612.451 25762.2
614.914 30879.7
614.617 28818.6
615.938 30964.6
620.847 42441.7
631.602 69127.6
634.199 74593.8
637.366 81539.7
634.513 59916.4
629.69 71909.3
629.024 55972.8
627.511 50747.4
626.988 48096.6
625.008 41656.4
625.329 41201.8
621.29 16493.5
616.27 27973.3
618.427 19379.4
620.028 22255.8
621.907 25851.8
618.046 14520.3
615.327 6158.61
617.237 9836.53
617.462 9132.66
617.245 7278.03
615.332 1012.56
614.76 -1765.05
617.105 3043.9
613.3 -8143.59
611.59 -13880.6
614.045 -8783.8
619.849 5023.16
620.332 4988.29
618.836 -191.517
620.722 3423.21
623.899 10398.3
626.693 16374.8
633.666 33222.1
630.795 24464.5
633.327 29760
631.6 23978.3
633.223 26911.6
631.079 20043.8
629.947 15809.2
627.337 7731.47
627.541 6973.65
627.051 4408.8
628.449 -44896.6
625.98 -65521.7
621.575 -78270.2
613.137 -36941.6
604.058 -10196.5
600.736 -33038.7
594.638 -24364.3
596.236 -60236.1
598.024 -82701
600.72 -76978.9
600.892 -77822.4
603.896 -71299.1
609.576 -57813.7
613.036 -50102.3
615.556 -44838.2
616.102 -44707.9
620.484 -34601.2
617.979 -42406.4
616.229 -48248.4
619.457 -41141.3
622.586 -34291.6
624.579 -30396.2
626.079 -27784.9
623.54 -35678.4
622.934 -38546.7
629.289 -36219.6
628.829 -38704.8
619.416 -25740.8
619.544 -52522.1
621.06 -49868.6
621.808 -62126.9
617.915 -73541.2
611.427 -52967.9
611.12 -80882
612.438 -104570
604.672 -100234
599.13 -90114.9
604.57 -103079
605.075 -103056
605.831 -102380
607.28 -99899.5
607.522 -100559
608.165 -100178
608.923 -99494.8
615.304 -84189.2
618.408 -77403.7
617.324 -81514.7
616.171 -85801.6
615.088 -89909.4
620.134 -78074.7
624.166 -68875.2
627.9 -60452.6
629.058 -58730.7
632.811 -50259.1
632.516 -52316.2
627.809 -65849.1
630.237 -60822.6
630.528 -61356.3
632.128 -58483.5
634.288 -54156.5
636.296 -50222.5
632.82 -60554.5
628.466 -73168.6
626.747 -78929
628.602 -75394.9
630.888 -70737.5
634.148 -63549.2
637.541 -56013.4
637.422 -57611.2
640.122 -51878.3
641.946 -48425.2
640.199 -54258.2
641.538 -52065.5
640.773 -55345.5
636.271 -68343.5
635.294 -72176
636.327 -70778.9
636.578 -71415.4
633.053 -81873.7
629.309 -92903.5
627.297 -99426.2
626.538 -102691
627.322 -101940
623.022 -114415
623.525 -114397
628.655 -102342
631.393 -96510.6
632.732 -94317.8
635.567 -88234.4
641.73 -73492.6
644.574 -67384
648.409 -58699.5
650.829 -53695.6
652.5 -50638.7
651.686 -54044.1
651.654 -55416.7
648.947 -63748.3
650.915 -59918.7
648.2 -81183.3
642.302 -71988.5
642.256 -86312.6
641.711 -89018.5
638.305 -99168.1
637.419 -102763
638.56 -101086
645.923 -83221.6
654.633 -61857.7
658.702 -52562.5
655.038 -63384.4
652.351 -71661
650.292 -78307.3
654.317 -69127.6
651.898 -89622.4
646.584 -78908.8
644.621 -98217.1
646.701 -94096
648.108 -91728.4
646.602 -96934.6
644.345 -104095
644.08 -106074
646.08 -102160
648.595 -96909.5
650.018 -94496.7
650.01 -95809
650.302 -96338.9
646.502 -107512
648.175 -104451
657.364 -81840.4
660.736 -74358.1
660.518 -76215.1
660.726 -76964
665.3 -66355.9
669.152 -57626
672.854 -49287.6
673.407 -49138.3
676.989 -41112.3
684.005 -49976.7
678.92 -38667.3
673.907 -27171.3
673.321 -55811.5
672.675 -58781.4
669.61 -68043.2
668.879 -71234.4
669.633 -70563.3
670.862 -68657.2
676.893 -54259.6
676.006 -57856.6
674.781 -62331.1
674.618 -64046.6
677.53 -57761.6
678.149 -57441.4
680.987 -51348.7
680.569 -53724.7
683.722 -46814
686.214 -41621.5
688.96 -35769.3
690.959 -31859
690.609 -34059.3
688.025 -42071.9
690.051 -38090.4
696.513 -22573
696.884 -22896.2
699.193 -18179.9
697.429 -24059.3
695.639 -30004.7
694.091 -35322.1
694.951 -34374.7
691.693 -44139.4
690.035 -49740
686.843 -59332.5
687.204 -59683
684.623 -67687
681.91 -76032.8
680.893 -79969.2
681.983 -78423.9
680.162 -84448.5
681.315 -82739.9
683.476 -78409.1
683.912 -78564.2
688.047 -69098.7
690.092 -65070.8
690.659 -64886
694.068 -57306.5
691.445 -65419.8
690.953 -67990.3
693.43 -88662.5
687.747 -65995.6
683.518 -78284.3
680.478 -100396
681.591 -98790.1
680.824 -102075
678.675 -108955
678.582 -110486
676.152 -118097
675.417 -121298
679.778 -111243
682.407 -105697
683.008 -105422
680.444 -113381
678.121 -120714
684.942 -104262
685.973 -102869
683.478 -110650
687.316 -101956
692.36 -90125.7
696.374 -80975.9
697.069 -80456.4
693.465 -91121
695.986 -85854.4
693.466 -93697.9
691.936 -111880
686.858 -100554
688.661 -110066
691.22 -104699
698.722 -86476.9
705.321 -70601.3
707.194 -67018.5
710.362 -60067.8
708.726 -65614.5
707.703 -69565.2
710.388 -63870.4
716.559 -49108.9
713.39 -58640.2
716.617 -51535.9
719.287 -45881.6
721.129 -42380.1
731.07 -17813.3
730.049 -21758.1
734.922 -10373.5
733.232 -16058.3
734.418 -14262.4
737.718 -6968.67
740.58 -816.156
742.595 3137.05
748.461 17104.7
749.589 18747.6
751.742 23059.4
751.989 22411
747.451 9317.53
745.424 2756.16
752.988 21141.2
755.841 27271.3
752.883 18287.2
751.345 12998.9
753.504 17322.6
754.073 17513.7
754.636 17687.3
753.393 253.416
748.133 11107.5
745.834 -9076.01
747.148 -6947.56
745.881 -11534.2
742.279 -22191.3
740.243 -28777.9
741.308 -27297.3
738.938 -34751.9
744.693 -21071.4
747.059 -16206.6
752.372 -3677.92
757.948 9534.79
757.703 7609.69
755.28 15.7396
754.005 -4589.08
754.012 -5860.17
756.525 -614.487
758.868 4191.43
764.027 16319.9
770.511 31896.2
774.312 40492.1
779.563 52862.1
781.705 57142.1
779.813 50932
778.304 45715.6
778.372 44602.4
778.441 43492.3
778.029 15305.1
772.53 25537.6
764.184 28366.1
767.108 8855.9
768.247 10529.4
767.581 7506.1
767.656 6412.89
767.432 4538.6
767.331 2986.45
767.41 1902.24
767.409 610.059
766.79 -15201.4
761.646 -4046.55
761.376 -18951.3
761.842 -19029.1
765.582 -10591.9
769.453 -1811.43
770.966 834.07
773.883 7132.05
777.331 14809.5
780.927 9959.78
774.579 17985.3
779.304 16072.7
781.156 19598.9
782.926 -2911.56
775.456 15106.3
771.035 2317.66
770.794 -12510.6
773.369 -7104.74
776.444 -394.743
778.162 2785.07
785.621 20896.2
783.282 13523
788.118 24810.3
788.873 12572.5
783.718 23698.6
780.756 1792.57
783.877 8621.8
783.379 6036.39
784.859 8594.61
789.818 20204.1
786.155 9386.7
782.352 -1795.54
780.353 -8285.48
786.099 5371.07
790.156 14635.3
791.364 16486.9
791.595 15796.8
788.314 5974.92
785.87 -1674.39
794.386 19188.9
795.602 21062.5
799.939 31052.3
795.618 18522.2
795.533 17012.1
800.971 29866.4
797.113 18542.7
793.322 7392.93
793.105 5537.98
793.913 6348.27
795.9 10228
798.335 15271
803.569 27597.5
802.539 23626.2
798.115 10831.6
796.201 4561.52
796.757 4717.39
796.425 2565.98
799.041 8078.87
797.013 1515.96
796.719 -540.39
801.563 10769.8
800.825 7559.75
798.401 -33.9708
796.451 -6394.92
802.577 8248.63
799.486 -1082.01
797.969 -6317.66
796.394 -11702.6
795.376 -15640.3
794.849 -18302.8
794.186 -21316
795.69 -18694.6
796.853 -16958.7
797.274 -17153.5
800.656 -9645.84
799.808 -13141.4
798.741 -17207.2
801.776 -10601.1
801.424 -12808.3
807.142 776.137
809.82 6450.75
810.323 6468.96
815.882 19639.6
816.679 20422.2
815.442 15914.9
815.468 14694.9
816.312 15600
821.716 28365.9
821.867 27468.9
823.956 31613.9
828.151 41233.3
826.673 36099.2
824.576 29357
821.582 20279.5
823.699 24494.6
823.272 22094.6
824.707 24538.2
823.289 19558.8
823.714 19374.7
831.9 39378.7
834.284 44288.4
832.415 38137.4
835.242 44201.9
834.488 40950.1
837.459 47387.4
838.797 49579.1
834.951 38285.7
834.346 35422.5
836.959 40929.2
839.951 21595.7
834.421 44659.1
830.254 32531.9
827.763 11850
826.712 7826.74
823.05 -2988.65
825.411 1862.31
824.922 -698.654
824.216 -3824.67
823.051 -8146.52
821.32 -13937.5
822.56 -12002.8
820.248 -19306.8
818.75 -24493.4
819.93 -22713.9
820.985 -21257.5
827.108 -6622.19
828.988 -3021.71
827.645 -7804.4
828.395 -7142.52
829.353 -5940.94
831.562 -1484.34
838.955 16454.7
847.792 38151
852.971 50332.7
857.783 61558.8
853.695 49634.6
854.085 49359.9
854.633 49496.9
851.647 40438.7
853.041 4035.04
849.578 -19174.2
839.736 31415.5
836.646 22088.3
832.562 10175.5
830.328 -9839.73
834.013 -14457
840.127 156.659
837.188 -8777.02
833.925 -31467.2
828.193 -21841.9
831.576 -27243.7
837.241 -13800.2
839.788 -8463
845.035 3893.8
852.115 21020.8
850.329 15083.4
846.87 4796.42
843.257 -5890.1
843.458 -45396.1
834.81 -17529.1
830.084 -31110.6
826.041 -42917.4
827.021 -54571
825.613 -59523.4
827.529 -55828.7
828.58 -54384.6
829.973 -52051.6
834.193 -42364.7
831.485 -50698.4
832.484 -49389.4
836.261 -40855.7
836.334 -41955.2
833.28 -51188.3
835.786 -45959.9
837.338 -43213.1
834.794 -51120.4
833.895 -54748.3
834.663 -54039.6
837.182 -48778.6
838.767 -45945.4
835.895 -54704.1
832.458 -64933.5
832.632 -65772.6
830.702 -72081.1
829.471 -76572.7
826.092 -86653.4
824.798 -91307.3
824.259 -94000.1
827.567 -86686.2
829.368 -83289.7
825.908 -93579.2
827.774 -90015.6
826.647 -94238.1
824.551 -100978
822.614 -107308
825.277 -101669
827.914 -96102
824.376 -106594
826.936 -101225
828.947 -97283.3
832.911 -88263.1
839.524 -72351.5
839.285 -74264
845.189 -60195.5
845.788 -59927.8
849.109 -52577.8
853.669 -42008.6
857.315 -33812.8
854.953 -41246.8
854.38 -44026.5
860.578 -29194.9
864.22 -21011.6
865.558 -18821.2
871.1 -5696.96
874.63 2196.54
876.096 4719.84
878.069 8562.25
877.748 6437.15
883.202 19333
887.49 29196.6
894.306 32723.9
888.545 42275.2
887.909 26417.9
890.953 33044.8
888.938 26515.4
884.718 14248.8
887.609 20477.4
884.537 11196.5
880.486 -628.434
884.119 7531.08
888.785 18377
894.524 32016.1
894.401 30405.6
894.041 28179.4
892.828 10820.9
886.488 18866.9
888.721 10471.5
888.179 7772.46
889.6 -15648.1
889.463 -30206.3
882.906 -22724.9
873.952 4346.04
869.783 -7787.42
874.2 -36328.4
878.21 -27186.3
882.736 -16703.1
885.215 -11545.6
886.714 -8935.78
887.201 -8959.78
887.127 -10442.6
889.412 -5787.01
887.413 -12277.2
887.675 -12885.2
890.87 -5865.25
897.852 11005
903.517 24453
907.135 32572.6
911.457 42525.1
910.738 39365.3
911.356 39683.8
912.539 41469.8
912.427 39889
908.87 29347.5
907.752 25149.5
908.076 24702.3
905.519 16760.1
904.802 13606.4
905.489 14104.4
904.058 -3822.83
897.93 4775.78
894.909 -17285.3
900 -5332.62
901.584 -2503.08
901.851 -16010.7
896.297 -5920.47
897.243 -17664.1
896.898 -19851.6
896.707 -21636.6
897.327 -21313.3
898.688 -19063.8
896.532 -25962.7
895.296 -30468
892.992 -37750.8
894.408 -35355.1
901.83 -17340.6
909.037 116.75
911.046 4051.44
913.353 8762.22
913.639 8215.6
913.996 7855.19
915.172 9623.28
912.659 1797.21
909.767 -7013.29
910.029 -7622.88
912.841 -1596.8
912.763 -3091.45
913.097 -3512.23
911.364 -9308.25
910.735 -25149
906.224 -38171.9
900.752 -14954.7
899.447 -45466.6
903.194 -37009.4
908.722 -23919.5
910.988 -19314.7
910.19 -22681.6
909.424 -25964.6
912.404 -19502.4
911.608 -22862.8
907.002 -36133.3
911.477 -25781.3
912.968 -23194.2
910.695 -30396.6
908.695 -36887.3
910.636 -33128.8
912.593 -29328.2
915.486 -23092.3
913.217 -43197.6
907.137 -34475.9
906.895 -49309.9
909.997 -55443.2
905.12 -43593.2
903.036 -63215
903.932 -62174.2
905.026 -60618.9
907.906 -54417.5
915.415 -36177.4
921.549 -21510.8
922.619 -20017.4
924.83 -15557.1
920.112 -29118.6
921.879 -25811.3
923.455 -23001.9
921.005 -30664.7
918.042 -39662.5
913.762 -52084.4
916.833 -45386.7
912.942 -56795.9
908.826 -68791.6
911.752 -75385.1
905.569 -66931.8
906.167 -79578.1
910.853 -68679.7
913.01 -64357.8
918.979 -50122.9
918.615 -52358.1
926.086 -34216.5
927.9 -30787.3
924.503 -40912.1
922.703 -46884.7
924.428 -43687.7
924.552 -44655.8
929.946 -31913.5
928.346 -37365.2
931.686 -29969.2
933.927 -25428.7
937.393 -17703.2
938.673 -15663.6
939.836 -13929.7
938.801 -17909.2
935.169 -28647.5
935.322 -29540.2
931.015 -42031.2
930.189 -45469.6
927.165 -54624.8
924.843 -61954.4
932.193 -44127.3
936.719 -33644.5
941.022 -23742.8
941.756 -36036.4
935.971 -26545.5
935.882 -40981.1
939.433 -33032.8
942.608 -26064.1
940.506 -32821.7
944.769 -23023.5
948.498 -14615.1
956.33 4466.84
958.516 8864.28
961.834 16205.7
961.435 13877.5
960.263 9539.55
957.392 780.432
953.021 -11879.2
952.837 -13645.4
956.207 -6171.59
955.968 -8082.32
956.521 -7933.8
958.418 -4288.35
958.915 -4284.63
954.75 -16409.3
950.731 -28153.5
949.994 -31359.8
949.71 -33388.4
947.914 -39350.6
947.986 -40452.7
948.701 -52795.9
943.552 -41652.3
944.361 -53750
945.833 -51210.9
952.786 -34416.1
957.094 -24500.7
957.1 -25774.9
961.494 -15635.7
964.481 -9154.03
968.321 -26282.8
964.746 -49785.6
958.587 -15442
953.707 -3600.49
949.29 -42203.8
957.807 -34253.2
958.415 -33960.8
957.923 -36530.6
960.111 -45043.7
954.698 -34585.9
952.178 -55344.3
951.633 -58051.2
952.159 -57972.6
958.866 -41817.2
958.268 -83401.2
950.562 -65996.6
945.43 -54809.6
942.793 -75870.5
941.92 -92344.1
944.271 -87519.5
943.542 -90706
940.83 -99048.5
947.215 -83731.5
949.255 -79714.1
948.165 -83840.2
950.042 -80248.4
951.176 -78586.3
950.108 -82654.9
953.055 -76278.5
951.677 -81153
949.763 -87422.5
949.983 -88139.5
950.089 -89154.1
946.991 -98500.7
946.374 -114309
938.746 -109614
937.586 -126835
937.367 -128693
933.851 -139129
934.064 -139866
934.954 -138840
939.577 -128105
938.949 -131028
941.433 -125857
938.526 -134707
934.467 -146555
933.88 -149372
939.533 -135957
946.686 -118642
949.052 -113778
953.531 -103416
958.349 -92174.4
967.073 -70773.6
974.783 -52006.7
979.727 -40438.7
985.801 -25929.8
991.553 -12256
995.151 -4187.89
0.173764 -18239.1
993.144 924.83
989.175 -10688.8
987.552 -42026.4
981.908 -32169
978.805 -54444.7
974.797 -66159.8
977.456 -60533.9
978.531 -59025.2
978.149 -61310.7
976.163 -67766.1
973.156 -76876.3
973.002 -78567.8
973.114 -79564.7
973.855 -78928.5
976.436 -73504.7
974.712 -79278.4
978.243 -71384.9
979.128 -70370.6
977.276 -76478.4
975.098 -83434.8
973.794 -88114.4
973.323 -90629.4
974.9 -87818.8
980.372 -74875.5
985.932 -61702.2
992.461 -46008.6
996.145 -37717.9
993.837 -45009.6
993.126 -48148.8
991.918 -78407.2
985.56 -57495.9
981.919 -68256.9
987.672 -67494.9
989.586 -63805.4
992.465 -57606.2
994.878 -52620.1
995.524 -52229.6
994.717 -55619
