995.991 -12216
995.992 -12204.2
995.993 -12192.4
995.994 -12180.6
995.995 -12168.8
995.997 -12156.9
995.998 -12145.1
995.999 -12133.3
996 -12121.5
996.001 -12109.6
996.002 -12097.8
996.004 -12086
996.005 -12074.2
996.006 -12062.4
996.007 -12050.5
996.008 -12038.7
996.009 -12026.9
996.01 -12015.1
996.012 -12003.2
996.013 -11991.4
996.014 -11979.6
996.015 -11967.8
996.016 -11956
996.017 -11944.1
996.019 -11932.3
996.02 -11920.5
996.021 -11908.7
996.022 -11896.8
996.023 -11885
996.024 -11873.2
996.025 -11861.4
996.027 -11849.6
996.028 -11837.7
996.029 -11825.9
996.03 -11814.1
996.031 -11802.3
996.032 -11790.4
996.034 -11778.6
996.035 -11766.8
996.036 -11755
996.037 -11743.2
996.038 -11731.3
996.039 -11719.5
996.04 -11707.7
996.042 -11695.9
996.043 -11684
996.044 -11672.2
996.045 -11660.4
996.046 -11648.6
996.047 -11636.8
996.049 -11624.9
996.05 -11613.1
996.051 -11601.3
996.052 -11589.5
996.053 -11577.6
996.054 -11565.8
996.055 -11554
996.057 -11542.2
996.058 -11530.4
996.059 -11518.5
996.06 -11506.7
996.061 -11494.9
996.062 -11483.1
996.064 -11471.2
996.065 -11459.4
996.066 -11447.6
996.067 -11435.8
996.068 -11424
996.069 -11412.1
996.071 -11400.3
996.072 -11388.5
996.073 -11376.7
996.074 -11364.8
996.075 -11353
996.076 -11341.2
996.077 -11329.4
996.079 -11317.6
996.08 -11305.7
996.081 -11293.9
996.082 -11282.1
996.083 -11270.3
996.084 -11258.4
996.086 -11246.6
996.087 -11234.8
996.088 -11223
996.089 -11211.2
996.09 -11199.3
996.091 -11187.5
996.092 -11175.7
996.094 -11163.9
996.095 -11152
996.096 -11140.2
996.097 -11128.4
996.098 -11116.6
996.099 -11104.8
996.101 -11092.9
996.102 -11081.1
996.103 -11069.3
996.104 -11057.5
996.105 -11045.6
996.106 -11033.8
996.107 -11022
996.109 -11010.2
996.11 -10998.4
996.111 -10986.5
996.112 -10974.7
996.113 -10962.9
996.114 -10951.1
996.116 -10939.2
996.117 -10927.4
996.118 -10915.6
996.119 -10903.8
996.12 -10892
996.121 -10880.1
996.123 -10868.3
996.124 -10856.5
996.125 -10844.7
996.126 -10832.8
996.127 -10821
996.128 -10809.2
996.129 -10797.4
996.131 -10785.6
996.132 -10773.7
996.133 -10761.9
996.134 -10750.1
996.135 -10738.3
996.136 -10726.4
996.138 -10714.6
996.139 -10702.8
996.14 -10691
996.141 -10679.1
996.142 -10667.3
996.143 -10655.5
996.144 -10643.7
996.146 -10631.9
996.147 -10620
996.148 -10608.2
996.149 -10596.4
996.15 -10584.6
996.151 -10572.7
996.153 -10560.9
996.154 -10549.1
996.155 -10537.3
996.156 -10525.5
996.157 -10513.6
996.158 -10501.8
996.159 -10490
996.161 -10478.2
996.162 -10466.3
996.163 -10454.5
996.164 -10442.7
996.165 -10430.9
996.166 -10419.1
996.168 -10407.2
996.169 -10395.4
996.17 -10383.6
996.171 -10371.8
996.172 -10359.9
996.173 -10348.1
996.175 -10336.3
996.176 -10324.5
996.177 -10312.7
996.178 -10300.8
996.179 -10289
996.18 -10277.2
996.181 -10265.4
996.183 -10253.5
996.184 -10241.7
996.185 -10229.9
996.186 -10218.1
996.187 -10206.3
996.188 -10194.4
996.19 -10182.6
996.191 -10170.8
996.192 -10159
996.193 -10147.1
996.194 -10135.3
996.195 -10123.5
996.196 -10111.7
996.198 -10099.9
996.199 -10088
996.2 -10076.2
996.201 -10064.4
996.202 -10052.6
996.203 -10040.7
996.205 -10028.9
996.206 -10017.1
996.207 -10005.3
996.208 -9993.46
996.209 -9981.63
996.21 -9969.81
996.211 -9957.99
996.213 -9946.17
996.214 -9934.34
996.215 -9922.52
996.216 -9910.7
996.217 -9898.88
996.218 -9887.05
996.22 -9875.23
996.221 -9863.41
996.222 -9851.59
996.223 -9839.77
996.224 -9827.94
996.225 -9816.12
996.226 -9804.3
996.228 -9792.48
996.229 -9780.65
996.23 -9768.83
996.231 -9757.01
996.232 -9745.19
996.233 -9733.36
996.235 -9721.54
996.236 -9709.72
996.237 -9697.9
996.238 -9686.08
996.239 -9674.25
996.24 -9662.43
996.242 -9650.61
996.243 -9638.79
996.244 -9626.96
996.245 -9615.14
996.246 -9603.32
996.247 -9591.5
996.248 -9579.67
996.25 -9567.85
996.251 -9556.03
996.252 -9544.21
996.253 -9532.39
996.254 -9520.56
996.255 -9508.74
996.257 -9496.92
996.258 -9485.1
996.259 -9473.27
996.26 -9461.45
996.261 -9449.63
996.262 -9437.81
996.263 -9425.98
996.265 -9414.16
996.266 -9402.34
996.267 -9390.52
996.268 -9378.7
996.269 -9366.87
996.27 -9355.05
996.272 -9343.23
996.273 -9331.41
996.274 -9319.58
996.275 -9307.76
996.276 -9295.94
996.277 -9284.12
996.278 -9272.29
996.28 -9260.47
996.281 -9248.65
996.282 -9236.83
996.283 -9225.01
996.284 -9213.18
996.285 -9201.36
996.287 -9189.54
996.288 -9177.72
996.289 -9165.89
996.29 -9154.07
996.291 -9142.25
996.292 -9130.43
996.294 -9118.6
996.295 -9106.78
996.296 -9094.96
996.297 -9083.14
996.298 -9071.32
996.299 -9059.49
996.3 -9047.67
996.302 -9035.85
996.303 -9024.03
996.304 -9012.2
996.305 -9000.38
996.306 -8988.56
996.307 -8976.74
996.309 -8964.91
996.31 -8953.09
996.311 -8941.27
996.312 -8929.45
996.313 -8917.63
996.314 -8905.8
996.315 -8893.98
996.317 -8882.16
996.318 -8870.34
996.319 -8858.51
996.32 -8846.69
996.321 -8834.87
996.322 -8823.05
996.324 -8811.22
996.325 -8799.4
996.326 -8787.58
996.327 -8775.76
996.328 -8763.94
996.329 -8752.11
996.33 -8740.29
996.332 -8728.47
996.333 -8716.65
996.334 -8704.82
996.335 -8693
996.336 -8681.18
996.337 -8669.36
996.339 -8657.53
996.34 -8645.71
996.341 -8633.89
996.342 -8622.07
996.343 -8610.25
996.344 -8598.42
996.346 -8586.6
996.347 -8574.78
996.348 -8562.96
996.349 -8551.13
996.35 -8539.31
996.351 -8527.49
996.352 -8515.67
996.354 -8503.84
996.355 -8492.02
996.356 -8480.2
996.357 -8468.38
996.358 -8456.55
996.359 -8444.73
996.361 -8432.91
996.362 -8421.09
996.363 -8409.27
996.364 -8397.44
996.365 -8385.62
996.366 -8373.8
996.367 -8361.98
996.369 -8350.15
996.37 -8338.33
996.371 -8326.51
996.372 -8314.69
996.373 -8302.86
996.374 -8291.04
996.376 -8279.22
996.377 -8267.4
996.378 -8255.58
996.379 -8243.75
996.38 -8231.93
996.381 -8220.11
996.382 -8208.29
996.384 -8196.46
996.385 -8184.64
996.386 -8172.82
996.387 -8161
996.388 -8149.17
996.389 -8137.35
996.391 -8125.53
996.392 -8113.71
996.393 -8101.89
996.394 -8090.06
996.395 -8078.24
996.396 -8066.42
996.397 -8054.6
996.399 -8042.77
996.4 -8030.95
996.401 -8019.13
996.402 -8007.31
996.403 -7995.48
996.404 -7983.66
996.406 -7971.84
996.407 -7960.02
996.408 -7948.2
996.409 -7936.37
996.41 -7924.55
996.411 -7912.73
996.413 -7900.91
996.414 -7889.08
996.415 -7877.26
996.416 -7865.44
996.417 -7853.62
996.418 -7841.79
996.419 -7829.97
996.421 -7818.15
996.422 -7806.33
996.423 -7794.51
996.424 -7782.68
996.425 -7770.86
996.426 -7759.04
996.428 -7747.22
996.429 -7735.39
996.43 -7723.57
996.431 -7711.75
996.432 -7699.93
996.433 -7688.1
996.434 -7676.28
996.436 -7664.46
996.437 -7652.64
996.438 -7640.82
996.439 -7628.99
996.44 -7617.17
996.441 -7605.35
996.443 -7593.53
996.444 -7581.7
996.445 -7569.88
996.446 -7558.06
996.447 -7546.24
996.448 -7534.41
996.449 -7522.59
996.451 -7510.77
996.452 -7498.95
996.453 -7487.13
996.454 -7475.3
996.455 -7463.48
996.456 -7451.66
996.458 -7439.84
996.459 -7428.01
996.46 -7416.19
996.461 -7404.37
996.462 -7392.55
996.463 -7380.72
996.465 -7368.9
996.466 -7357.08
996.467 -7345.26
996.468 -7333.44
996.469 -7321.61
996.47 -7309.79
996.471 -7297.97
996.473 -7286.15
996.474 -7274.32
996.475 -7262.5
996.476 -7250.68
996.477 -7238.86
996.478 -7227.03
996.48 -7215.21
996.481 -7203.39
996.482 -7191.57
996.483 -7179.75
996.484 -7167.92
996.485 -7156.1
996.486 -7144.28
996.488 -7132.46
996.489 -7120.63
996.49 -7108.81
996.491 -7096.99
996.492 -7085.17
996.493 -7073.34
996.495 -7061.52
996.496 -7049.7
996.497 -7037.88
996.498 -7026.06
996.499 -7014.23
996.5 -7002.41
996.501 -6990.59
996.503 -6978.77
996.504 -6966.94
996.505 -6955.12
996.506 -6943.3
996.507 -6931.48
996.508 -6919.65
996.51 -6907.83
996.511 -6896.01
996.512 -6884.19
996.513 -6872.37
996.514 -6860.54
996.515 -6848.72
996.517 -6836.9
996.518 -6825.08
996.519 -6813.25
996.52 -6801.43
996.521 -6789.61
996.522 -6777.79
996.523 -6765.96
996.525 -6754.14
996.526 -6742.32
996.527 -6730.5
996.528 -6718.68
996.529 -6706.85
996.53 -6695.03
996.532 -6683.21
996.533 -6671.39
996.534 -6659.56
996.535 -6647.74
996.536 -6635.92
996.537 -6624.1
996.538 -6612.27
996.54 -6600.45
996.541 -6588.63
996.542 -6576.81
996.543 -6564.99
996.544 -6553.16
996.545 -6541.34
996.547 -6529.52
996.548 -6517.7
996.549 -6505.87
996.55 -6494.05
996.551 -6482.23
996.552 -6470.41
996.553 -6458.58
996.555 -6446.76
996.556 -6434.94
996.557 -6423.12
996.558 -6411.3
996.559 -6399.47
996.56 -6387.65
996.562 -6375.83
996.563 -6364.01
996.564 -6352.18
996.565 -6340.36
996.566 -6328.54
996.567 -6316.72
996.568 -6304.89
996.57 -6293.07
996.571 -6281.25
996.572 -6269.43
996.573 -6257.61
996.574 -6245.78
996.575 -6233.96
996.577 -6222.14
996.578 -6210.32
996.579 -6198.49
996.58 -6186.67
996.581 -6174.85
996.582 -6163.03
996.584 -6151.2
996.585 -6139.38
996.586 -6127.56
996.587 -6115.74
996.588 -6103.92
996.589 -6092.09
996.59 -6080.27
996.592 -6068.45
996.593 -6056.63
996.594 -6044.8
996.595 -6032.98
996.596 -6021.16
996.597 -6009.34
996.599 -5997.51
996.6 -5985.69
996.601 -5973.87
996.602 -5962.05
996.603 -5950.22
996.604 -5938.4
996.605 -5926.58
996.607 -5914.76
996.608 -5902.94
996.609 -5891.11
996.61 -5879.29
996.611 -5867.47
996.612 -5855.65
996.614 -5843.82
996.615 -5832
996.616 -5820.18
996.617 -5808.36
996.618 -5796.53
996.619 -5784.71
996.62 -5772.89
996.622 -5761.07
996.623 -5749.25
996.624 -5737.42
996.625 -5725.6
996.626 -5713.78
996.627 -5701.96
996.629 -5690.13
996.63 -5678.31
996.631 -5666.49
996.632 -5654.67
996.633 -5642.84
996.634 -5631.02
996.636 -5619.2
996.637 -5607.38
996.638 -5595.56
996.639 -5583.73
996.64 -5571.91
996.641 -5560.09
996.642 -5548.27
996.644 -5536.44
996.645 -5524.62
996.646 -5512.8
996.647 -5500.98
996.648 -5489.15
996.649 -5477.33
996.651 -5465.51
996.652 -5453.69
996.653 -5441.87
996.654 -5430.04
996.655 -5418.22
996.656 -5406.4
996.657 -5394.58
996.659 -5382.75
996.66 -5370.93
996.661 -5359.11
996.662 -5347.29
996.663 -5335.46
996.664 -5323.64
996.666 -5311.82
996.667 -5300
996.668 -5288.18
996.669 -5276.35
996.67 -5264.53
996.671 -5252.71
996.672 -5240.89
996.674 -5229.06
996.675 -5217.24
996.676 -5205.42
996.677 -5193.6
996.678 -5181.77
996.679 -5169.95
996.681 -5158.13
996.682 -5146.31
996.683 -5134.49
996.684 -5122.66
996.685 -5110.84
996.686 -5099.02
996.688 -5087.2
996.689 -5075.37
996.69 -5063.55
996.691 -5051.73
996.692 -5039.91
996.693 -5028.08
996.694 -5016.26
996.696 -5004.44
996.697 -4992.62
996.698 -4980.8
996.699 -4968.97
996.7 -4957.15
996.701 -4945.33
996.703 -4933.51
996.704 -4921.68
996.705 -4909.86
996.706 -4898.04
996.707 -4886.22
996.708 -4874.39
996.709 -4862.57
996.711 -4850.75
996.712 -4838.93
996.713 -4827.11
996.714 -4815.28
996.715 -4803.46
996.716 -4791.64
996.718 -4779.82
996.719 -4767.99
996.72 -4756.17
996.721 -4744.35
996.722 -4732.53
996.723 -4720.7
996.724 -4708.88
996.726 -4697.06
996.727 -4685.24
996.728 -4673.42
996.729 -4661.59
996.73 -4649.77
996.731 -4637.95
996.733 -4626.13
996.734 -4614.3
996.735 -4602.48
996.736 -4590.66
996.737 -4578.84
996.738 -4567.01
996.739 -4555.19
996.741 -4543.37
996.742 -4531.55
996.743 -4519.73
996.744 -4507.9
996.745 -4496.08
996.746 -4484.26
996.748 -4472.44
996.749 -4460.61
996.75 -4448.79
996.751 -4436.97
996.752 -4425.15
996.753 -4413.32
996.755 -4401.5
996.756 -4389.68
996.757 -4377.86
996.758 -4366.04
996.759 -4354.21
996.76 -4342.39
996.761 -4330.57
996.763 -4318.75
996.764 -4306.92
996.765 -4295.1
996.766 -4283.28
996.767 -4271.46
996.768 -4259.63
996.77 -4247.81
996.771 -4235.99
996.772 -4224.17
996.773 -4212.35
996.774 -4200.52
996.775 -4188.7
996.776 -4176.88
996.778 -4165.06
996.779 -4153.23
996.78 -4141.41
996.781 -4129.59
996.782 -4117.77
996.783 -4105.94
996.785 -4094.12
996.786 -4082.3
996.787 -4070.48
996.788 -4058.66
996.789 -4046.83
996.79 -4035.01
996.791 -4023.19
996.793 -4011.37
996.794 -3999.54
996.795 -3987.72
996.796 -3975.9
996.797 -3964.08
996.798 -3952.25
996.8 -3940.43
996.801 -3928.61
996.802 -3916.79
996.803 -3904.97
996.804 -3893.14
996.805 -3881.32
996.807 -3869.5
996.808 -3857.68
996.809 -3845.85
996.81 -3834.03
996.811 -3822.21
996.812 -3810.39
996.813 -3798.56
996.815 -3786.74
996.816 -3774.92
996.817 -3763.1
996.818 -3751.28
996.819 -3739.45
996.82 -3727.63
996.822 -3715.81
996.823 -3703.99
996.824 -3692.16
996.825 -3680.34
996.826 -3668.52
996.827 -3656.7
996.828 -3644.87
996.83 -3633.05
996.831 -3621.23
996.832 -3609.41
996.833 -3597.59
996.834 -3585.76
996.835 -3573.94
996.837 -3562.12
996.838 -3550.3
996.839 -3538.47
996.84 -3526.65
996.841 -3514.83
996.842 -3503.01
996.843 -3491.18
996.845 -3479.36
996.846 -3467.54
996.847 -3455.72
996.848 -3443.89
996.849 -3432.07
996.85 -3420.25
996.852 -3408.43
996.853 -3396.61
996.854 -3384.78
996.855 -3372.96
996.856 -3361.14
996.857 -3349.32
996.859 -3337.49
996.86 -3325.67
996.861 -3313.85
996.862 -3302.03
996.863 -3290.2
996.864 -3278.38
996.865 -3266.56
996.867 -3254.74
996.868 -3242.92
996.869 -3231.09
996.87 -3219.27
996.871 -3207.45
996.872 -3195.63
996.874 -3183.8
996.875 -3171.98
996.876 -3160.16
996.877 -3148.34
996.878 -3136.51
996.879 -3124.69
996.88 -3112.87
996.882 -3101.05
996.883 -3089.23
996.884 -3077.4
996.885 -3065.58
996.886 -3053.76
996.887 -3041.94
996.889 -3030.11
996.89 -3018.29
996.891 -3006.47
996.892 -2994.65
996.893 -2982.82
996.894 -2971
996.895 -2959.18
996.897 -2947.36
996.898 -2935.54
996.899 -2923.71
996.9 -2911.89
996.901 -2900.07
996.902 -2888.25
996.904 -2876.42
996.905 -2864.6
996.906 -2852.78
996.907 -2840.96
996.908 -2829.13
996.909 -2817.31
996.91 -2805.49
996.912 -2793.67
996.913 -2781.85
996.914 -2770.02
996.915 -2758.2
996.916 -2746.38
996.917 -2734.56
996.919 -2722.73
996.92 -2710.91
996.921 -2699.09
996.922 -2687.27
996.923 -2675.44
996.924 -2663.62
996.926 -2651.8
996.927 -2639.98
996.928 -2628.16
996.929 -2616.33
996.93 -2604.51
996.931 -2592.69
996.932 -2580.87
996.934 -2569.04
996.935 -2557.22
996.936 -2545.4
996.937 -2533.58
996.938 -2521.75
996.939 -2509.93
996.941 -2498.11
996.942 -2486.29
996.943 -2474.47
996.944 -2462.64
996.945 -2450.82
996.946 -2439
996.947 -2427.18
996.949 -2415.35
996.95 -2403.53
996.951 -2391.71
996.952 -2379.89
996.953 -2368.06
996.954 -2356.24
996.956 -2344.42
996.957 -2332.6
996.958 -2320.78
996.959 -2308.95
996.96 -2297.13
996.961 -2285.31
996.962 -2273.49
996.964 -2261.66
996.965 -2249.84
996.966 -2238.02
996.967 -2226.2
996.968 -2214.37
996.969 -2202.55
996.971 -2190.73
996.972 -2178.91
996.973 -2167.09
996.974 -2155.26
996.975 -2143.44
996.976 -2131.62
996.978 -2119.8
996.979 -2107.97
996.98 -2096.15
996.981 -2084.33
996.982 -2072.51
996.983 -2060.68
996.984 -2048.86
996.986 -2037.04
996.987 -2025.22
996.988 -2013.4
996.989 -2001.57
996.99 -1989.75
996.991 -1977.93
996.993 -1966.11
996.994 -1954.28
996.995 -1942.46
996.996 -1930.64
996.997 -1918.82
996.998 -1906.99
996.999 -1895.17
997.001 -1883.35
997.002 -1871.53
997.003 -1859.71
997.004 -1847.88
997.005 -1836.06
997.006 -1824.24
997.008 -1812.42
997.009 -1800.59
997.01 -1788.77
997.011 -1776.95
997.012 -1765.13
997.013 -1753.3
997.014 -1741.48
997.016 -1729.66
997.017 -1717.84
997.018 -1706.02
997.019 -1694.19
997.02 -1682.37
997.021 -1670.55
997.023 -1658.73
997.024 -1646.9
997.025 -1635.08
997.026 -1623.26
997.027 -1611.44
997.028 -1599.61
997.029 -1587.79
997.031 -1575.97
997.032 -1564.15
997.033 -1552.33
997.034 -1540.5
997.035 -1528.68
997.036 -1516.86
997.038 -1505.04
997.039 -1493.21
997.04 -1481.39
997.041 -1469.57
997.042 -1457.75
997.043 -1445.92
997.045 -1434.1
997.046 -1422.28
997.047 -1410.46
997.048 -1398.64
997.049 -1386.81
997.05 -1374.99
997.051 -1363.17
997.053 -1351.35
997.054 -1339.52
997.055 -1327.7
997.056 -1315.88
997.057 -1304.06
997.058 -1292.23
997.06 -1280.41
997.061 -1268.59
997.062 -1256.77
997.063 -1244.95
997.064 -1233.12
997.065 -1221.3
997.066 -1209.48
997.068 -1197.66
997.069 -1185.83
997.07 -1174.01
997.071 -1162.19
997.072 -1150.37
997.073 -1138.54
997.075 -1126.72
997.076 -1114.9
997.077 -1103.08
997.078 -1091.26
997.079 -1079.43
997.08 -1067.61
997.081 -1055.79
997.083 -1043.97
997.084 -1032.14
997.085 -1020.32
997.086 -1008.5
997.087 -996.677
997.088 -984.854
997.09 -973.032
997.091 -961.21
997.092 -949.387
997.093 -937.565
997.094 -925.743
997.095 -913.92
997.097 -902.098
997.098 -890.276
997.099 -878.453
997.1 -866.631
997.101 -854.809
997.102 -842.986
997.103 -831.164
997.105 -819.342
997.106 -807.52
997.107 -795.697
997.108 -783.875
997.109 -772.053
997.11 -760.23
997.112 -748.408
997.113 -736.586
997.114 -724.763
997.115 -712.941
997.116 -701.119
997.117 -689.296
997.118 -677.474
997.12 -665.652
997.121 -653.829
997.122 -642.007
997.123 -630.185
997.124 -618.363
997.125 -606.54
997.127 -594.718
997.128 -582.896
997.129 -571.073
997.13 -559.251
997.131 -547.429
997.132 -535.606
997.133 -523.784
997.135 -511.962
997.136 -500.139
997.137 -488.317
997.138 -476.495
997.139 -464.673
997.14 -452.85
997.142 -441.028
997.143 -429.206
997.144 -417.383
997.145 -405.561
997.146 -393.739
997.147 -381.916
997.149 -370.094
997.15 -358.272
997.151 -346.449
997.152 -334.627
997.153 -322.805
997.154 -310.982
997.155 -299.16
997.157 -287.338
997.158 -275.516
997.159 -263.693
997.16 -251.871
997.161 -240.049
997.162 -228.226
997.164 -216.404
997.165 -204.582
997.166 -192.759
997.167 -180.937
997.168 -169.115
997.169 -157.292
997.17 -145.47
997.172 -133.648
997.173 -121.825
997.174 -110.003
997.175 -98.1809
997.176 -86.3585
997.177 -74.5362
997.179 -62.7139
997.18 -50.8916
997.181 -39.0693
997.182 -27.247
997.183 -15.4247
997.184 -3.60236
997.185 8.21995
997.187 20.0423
997.188 31.8646
997.189 43.6869
997.19 55.5092
997.191 67.3315
997.192 79.1538
997.194 90.9761
997.195 102.798
997.196 114.621
997.197 126.443
997.198 138.265
997.199 150.088
997.2 161.91
997.202 173.732
997.203 185.555
997.204 197.377
997.205 209.199
997.206 221.022
997.207 232.844
997.209 244.666
997.21 256.488
997.211 268.311
997.212 280.133
997.213 291.955
997.214 303.778
997.216 315.6
997.217 327.422
997.218 339.245
997.219 351.067
997.22 362.889
997.221 374.712
997.222 386.534
997.224 398.356
997.225 410.179
997.226 422.001
997.227 433.823
997.228 445.645
997.229 457.468
997.231 469.29
997.232 481.112
997.233 492.935
997.234 504.757
997.235 516.579
997.236 528.402
997.237 540.224
997.239 552.046
997.24 563.869
997.241 575.691
997.242 587.513
997.243 599.336
997.244 611.158
997.246 622.98
997.247 634.802
997.248 646.625
997.249 658.447
997.25 670.269
997.251 682.092
997.252 693.914
997.254 705.736
997.255 717.559
997.256 729.381
997.257 741.203
997.258 753.026
997.259 764.848
997.261 776.67
997.262 788.493
997.263 800.315
997.264 812.137
997.265 823.959
997.266 835.782
997.268 847.604
997.269 859.426
997.27 871.249
997.271 883.071
997.272 894.893
997.273 906.716
997.274 918.538
997.276 930.36
997.277 942.183
997.278 954.005
997.279 965.827
997.28 977.649
997.281 989.472
997.283 1001.29
997.284 1013.12
997.285 1024.94
997.286 1036.76
997.287 1048.58
997.288 1060.41
997.289 1072.23
997.291 1084.05
997.292 1095.87
997.293 1107.69
997.294 1119.52
997.295 1131.34
997.296 1143.16
997.298 1154.98
997.299 1166.81
997.3 1178.63
997.301 1190.45
997.302 1202.27
997.303 1214.1
997.304 1225.92
997.306 1237.74
997.307 1249.56
997.308 1261.38
997.309 1273.21
997.31 1285.03
997.311 1296.85
997.313 1308.67
997.314 1320.5
997.315 1332.32
997.316 1344.14
997.317 1355.96
997.318 1367.79
997.32 1379.61
997.321 1391.43
997.322 1403.25
997.323 1415.08
997.324 1426.9
997.325 1438.72
997.326 1450.54
997.328 1462.36
997.329 1474.19
997.33 1486.01
997.331 1497.83
997.332 1509.65
997.333 1521.48
997.335 1533.3
997.336 1545.12
997.337 1556.94
997.338 1568.77
997.339 1580.59
997.34 1592.41
997.341 1604.23
997.343 1616.05
997.344 1627.88
997.345 1639.7
997.346 1651.52
997.347 1663.34
997.348 1675.17
997.35 1686.99
997.351 1698.81
997.352 1710.63
997.353 1722.46
997.354 1734.28
997.355 1746.1
997.356 1757.92
997.358 1769.74
997.359 1781.57
997.36 1793.39
997.361 1805.21
997.362 1817.03
997.363 1828.86
997.365 1840.68
997.366 1852.5
997.367 1864.32
997.368 1876.15
997.369 1887.97
997.37 1899.79
997.371 1911.61
997.373 1923.43
997.374 1935.26
997.375 1947.08
997.376 1958.9
997.377 1970.72
997.378 1982.55
997.38 1994.37
997.381 2006.19
997.382 2018.01
997.383 2029.84
997.384 2041.66
997.385 2053.48
997.387 2065.3
997.388 2077.12
997.389 2088.95
997.39 2100.77
997.391 2112.59
997.392 2124.41
997.393 2136.24
997.395 2148.06
997.396 2159.88
997.397 2171.7
997.398 2183.53
997.399 2195.35
997.4 2207.17
997.402 2218.99
997.403 2230.81
997.404 2242.64
997.405 2254.46
997.406 2266.28
997.407 2278.1
997.408 2289.93
997.41 2301.75
997.411 2313.57
997.412 2325.39
997.413 2337.22
997.414 2349.04
997.415 2360.86
997.417 2372.68
997.418 2384.5
997.419 2396.33
997.42 2408.15
997.421 2419.97
997.422 2431.79
997.423 2443.62
997.425 2455.44
997.426 2467.26
997.427 2479.08
997.428 2490.91
997.429 2502.73
997.43 2514.55
997.432 2526.37
997.433 2538.19
997.434 2550.02
997.435 2561.84
997.436 2573.66
997.437 2585.48
997.439 2597.31
997.44 2609.13
997.441 2620.95
997.442 2632.77
997.443 2644.6
997.444 2656.42
997.445 2668.24
997.447 2680.06
997.448 2691.88
997.449 2703.71
997.45 2715.53
997.451 2727.35
997.452 2739.17
997.454 2751
997.455 2762.82
997.456 2774.64
997.457 2786.46
997.458 2798.29
997.459 2810.11
997.46 2821.93
997.462 2833.75
997.463 2845.57
997.464 2857.4
997.465 2869.22
997.466 2881.04
997.467 2892.86
997.469 2904.69
997.47 2916.51
997.471 2928.33
997.472 2940.15
997.473 2951.98
997.474 2963.8
997.475 2975.62
997.477 2987.44
997.478 2999.26
997.479 3011.09
997.48 3022.91
997.481 3034.73
997.482 3046.55
997.484 3058.38
997.485 3070.2
997.486 3082.02
997.487 3093.84
997.488 3105.67
997.489 3117.49
997.491 3129.31
997.492 3141.13
997.493 3152.95
997.494 3164.78
997.495 3176.6
997.496 3188.42
997.497 3200.24
997.499 3212.07
997.5 3223.89
997.501 3235.71
997.502 3247.53
997.503 3259.36
997.504 3271.18
997.506 3283
997.507 3294.82
997.508 3306.64
997.509 3318.47
997.51 3330.29
997.511 3342.11
997.512 3353.93
997.514 3365.76
997.515 3377.58
997.516 3389.4
997.517 3401.22
997.518 3413.05
997.519 3424.87
997.521 3436.69
997.522 3448.51
997.523 3460.33
997.524 3472.16
997.525 3483.98
997.526 3495.8
997.527 3507.62
997.529 3519.45
997.53 3531.27
997.531 3543.09
997.532 3554.91
997.533 3566.74
997.534 3578.56
997.536 3590.38
997.537 3602.2
997.538 3614.02
997.539 3625.85
997.54 3637.67
997.541 3649.49
997.542 3661.31
997.544 3673.14
997.545 3684.96
997.546 3696.78
997.547 3708.6
997.548 3720.43
997.549 3732.25
997.551 3744.07
997.552 3755.89
997.553 3767.71
997.554 3779.54
997.555 3791.36
997.556 3803.18
997.558 3815
997.559 3826.83
997.56 3838.65
997.561 3850.47
997.562 3862.29
997.563 3874.12
997.564 3885.94
997.566 3897.76
997.567 3909.58
997.568 3921.41
997.569 3933.23
997.57 3945.05
997.571 3956.87
997.573 3968.69
997.574 3980.52
997.575 3992.34
997.576 4004.16
997.577 4015.98
997.578 4027.81
997.579 4039.63
997.581 4051.45
997.582 4063.27
997.583 4075.1
997.584 4086.92
997.585 4098.74
997.586 4110.56
997.588 4122.38
997.589 4134.21
997.59 4146.03
997.591 4157.85
997.592 4169.67
997.593 4181.5
997.594 4193.32
997.596 4205.14
997.597 4216.96
997.598 4228.79
997.599 4240.61
997.6 4252.43
997.601 4264.25
997.603 4276.07
997.604 4287.9
997.605 4299.72
997.606 4311.54
997.607 4323.36
997.608 4335.19
997.61 4347.01
997.611 4358.83
997.612 4370.65
997.613 4382.48
997.614 4394.3
997.615 4406.12
997.616 4417.94
997.618 4429.76
997.619 4441.59
997.62 4453.41
997.621 4465.23
997.622 4477.05
997.623 4488.88
997.625 4500.7
997.626 4512.52
997.627 4524.34
997.628 4536.17
997.629 4547.99
997.63 4559.81
997.631 4571.63
997.633 4583.45
997.634 4595.28
997.635 4607.1
997.636 4618.92
997.637 4630.74
997.638 4642.57
997.64 4654.39
997.641 4666.21
997.642 4678.03
997.643 4689.86
997.644 4701.68
997.645 4713.5
997.646 4725.32
997.648 4737.14
997.649 4748.97
997.65 4760.79
997.651 4772.61
997.652 4784.43
997.653 4796.26
997.655 4808.08
997.656 4819.9
997.657 4831.72
997.658 4843.55
997.659 4855.37
997.66 4867.19
997.662 4879.01
997.663 4890.83
997.664 4902.66
997.665 4914.48
997.666 4926.3
997.667 4938.12
997.668 4949.95
997.67 4961.77
997.671 4973.59
997.672 4985.41
997.673 4997.24
997.674 5009.06
997.675 5020.88
997.677 5032.7
997.678 5044.52
997.679 5056.35
997.68 5068.17
997.681 5079.99
997.682 5091.81
997.683 5103.64
997.685 5115.46
997.686 5127.28
997.687 5139.1
997.688 5150.93
997.689 5162.75
997.69 5174.57
997.692 5186.39
997.693 5198.21
997.694 5210.04
997.695 5221.86
997.696 5233.68
997.697 5245.5
997.698 5257.33
997.7 5269.15
997.701 5280.97
997.702 5292.79
997.703 5304.62
997.704 5316.44
997.705 5328.26
997.707 5340.08
997.708 5351.9
997.709 5363.73
997.71 5375.55
997.711 5387.37
997.712 5399.19
997.713 5411.02
997.715 5422.84
997.716 5434.66
997.717 5446.48
997.718 5458.31
997.719 5470.13
997.72 5481.95
997.722 5493.77
997.723 5505.59
997.724 5517.42
997.725 5529.24
997.726 5541.06
997.727 5552.88
997.729 5564.71
997.73 5576.53
997.731 5588.35
997.732 5600.17
997.733 5612
997.734 5623.82
997.735 5635.64
997.737 5647.46
997.738 5659.28
997.739 5671.11
997.74 5682.93
997.741 5694.75
997.742 5706.57
997.744 5718.4
997.745 5730.22
997.746 5742.04
997.747 5753.86
997.748 5765.69
997.749 5777.51
997.75 5789.33
997.752 5801.15
997.753 5812.97
997.754 5824.8
997.755 5836.62
997.756 5848.44
997.757 5860.26
997.759 5872.09
997.76 5883.91
997.761 5895.73
997.762 5907.55
997.763 5919.38
997.764 5931.2
997.765 5943.02
997.767 5954.84
997.768 5966.66
997.769 5978.49
997.77 5990.31
997.771 6002.13
997.772 6013.95
997.774 6025.78
997.775 6037.6
997.776 6049.42
997.777 6061.24
997.778 6073.07
997.779 6084.89
997.781 6096.71
997.782 6108.53
997.783 6120.35
997.784 6132.18
997.785 6144
997.786 6155.82
997.787 6167.64
997.789 6179.47
997.79 6191.29
997.791 6203.11
997.792 6214.93
997.793 6226.76
997.794 6238.58
997.796 6250.4
997.797 6262.22
997.798 6274.04
997.799 6285.87
997.8 6297.69
997.801 6309.51
997.802 6321.33
997.804 6333.16
997.805 6344.98
997.806 6356.8
997.807 6368.62
997.808 6380.45
997.809 6392.27
997.811 6404.09
997.812 6415.91
997.813 6427.74
997.814 6439.56
997.815 6451.38
997.816 6463.2
997.817 6475.02
997.819 6486.85
997.82 6498.67
997.821 6510.49
997.822 6522.31
997.823 6534.14
997.824 6545.96
997.826 6557.78
997.827 6569.6
997.828 6581.43
997.829 6593.25
997.83 6605.07
997.831 6616.89
997.833 6628.71
997.834 6640.54
997.835 6652.36
997.836 6664.18
997.837 6676
997.838 6687.83
997.839 6699.65
997.841 6711.47
997.842 6723.29
997.843 6735.12
997.844 6746.94
997.845 6758.76
997.846 6770.58
997.848 6782.4
997.849 6794.23
997.85 6806.05
997.851 6817.87
997.852 6829.69
997.853 6841.52
997.854 6853.34
997.856 6865.16
997.857 6876.98
997.858 6888.81
997.859 6900.63
997.86 6912.45
997.861 6924.27
997.863 6936.09
997.864 6947.92
997.865 6959.74
997.866 6971.56
997.867 6983.38
997.868 6995.21
997.869 7007.03
997.871 7018.85
997.872 7030.67
997.873 7042.5
997.874 7054.32
997.875 7066.14
997.876 7077.96
997.878 7089.78
997.879 7101.61
997.88 7113.43
997.881 7125.25
997.882 7137.07
997.883 7148.9
997.884 7160.72
997.886 7172.54
997.887 7184.36
997.888 7196.19
997.889 7208.01
997.89 7219.83
997.891 7231.65
997.893 7243.47
997.894 7255.3
997.895 7267.12
997.896 7278.94
997.897 7290.76
997.898 7302.59
997.9 7314.41
997.901 7326.23
997.902 7338.05
997.903 7349.88
997.904 7361.7
997.905 7373.52
997.906 7385.34
997.908 7397.16
997.909 7408.99
997.91 7420.81
997.911 7432.63
997.912 7444.45
997.913 7456.28
997.915 7468.1
997.916 7479.92
997.917 7491.74
997.918 7503.57
997.919 7515.39
997.92 7527.21
997.921 7539.03
997.923 7550.85
997.924 7562.68
997.925 7574.5
997.926 7586.32
997.927 7598.14
997.928 7609.97
997.93 7621.79
997.931 7633.61
997.932 7645.43
997.933 7657.26
997.934 7669.08
997.935 7680.9
997.936 7692.72
997.938 7704.54
997.939 7716.37
997.94 7728.19
997.941 7740.01
997.942 7751.83
997.943 7763.66
997.945 7775.48
997.946 7787.3
997.947 7799.12
997.948 7810.95
997.949 7822.77
997.95 7834.59
997.952 7846.41
997.953 7858.23
997.954 7870.06
997.955 7881.88
997.956 7893.7
997.957 7905.52
997.958 7917.35
997.96 7929.17
997.961 7940.99
997.962 7952.81
997.963 7964.64
997.964 7976.46
997.965 7988.28
997.967 8000.1
997.968 8011.92
997.969 8023.75
997.97 8035.57
997.971 8047.39
997.972 8059.21
997.973 8071.04
997.975 8082.86
997.976 8094.68
997.977 8106.5
997.978 8118.33
997.979 8130.15
997.98 8141.97
997.982 8153.79
997.983 8165.61
997.984 8177.44
997.985 8189.26
997.986 8201.08
997.987 8212.9
997.988 8224.73
997.99 8236.55
997.991 8248.37
997.992 8260.19
997.993 8272.02
997.994 8283.84
997.995 8295.66
997.997 8307.48
997.998 8319.3
997.999 8331.13
998 8342.95
998.001 8354.77
998.002 8366.59
998.004 8378.42
998.005 8390.24
998.006 8402.06
998.007 8413.88
998.008 8425.71
998.009 8437.53
998.01 8449.35
998.012 8461.17
998.013 8472.99
998.014 8484.82
998.015 8496.64
998.016 8508.46
998.017 8520.28
998.019 8532.11
998.02 8543.93
998.021 8555.75
998.022 8567.57
998.023 8579.4
998.024 8591.22
998.025 8603.04
998.027 8614.86
998.028 8626.68
998.029 8638.51
998.03 8650.33
998.031 8662.15
998.032 8673.97
998.034 8685.8
998.035 8697.62
998.036 8709.44
998.037 8721.26
998.038 8733.09
998.039 8744.91
998.04 8756.73
998.042 8768.55
998.043 8780.37
998.044 8792.2
998.045 8804.02
998.046 8815.84
998.047 8827.66
998.049 8839.49
998.05 8851.31
998.051 8863.13
998.052 8874.95
998.053 8886.78
998.054 8898.6
998.055 8910.42
998.057 8922.24
998.058 8934.07
998.059 8945.89
998.06 8957.71
998.061 8969.53
998.062 8981.35
998.064 8993.18
998.065 9005
998.066 9016.82
998.067 9028.64
998.068 9040.47
998.069 9052.29
998.071 9064.11
998.072 9075.93
998.073 9087.76
998.074 9099.58
998.075 9111.4
998.076 9123.22
998.077 9135.04
998.079 9146.87
998.08 9158.69
998.081 9170.51
998.082 9182.33
998.083 9194.16
998.084 9205.98
998.086 9217.8
998.087 9229.62
998.088 9241.45
998.089 9253.27
998.09 9265.09
998.091 9276.91
998.092 9288.73
998.094 9300.56
998.095 9312.38
998.096 9324.2
998.097 9336.02
998.098 9347.85
998.099 9359.67
998.101 9371.49
998.102 9383.31
998.103 9395.14
998.104 9406.96
998.105 9418.78
998.106 9430.6
998.107 9442.42
998.109 9454.25
998.11 9466.07
998.111 9477.89
998.112 9489.71
998.113 9501.54
998.114 9513.36
998.116 9525.18
998.117 9537
998.118 9548.83
998.119 9560.65
998.12 9572.47
998.121 9584.29
998.123 9596.11
998.124 9607.94
998.125 9619.76
998.126 9631.58
998.127 9643.4
998.128 9655.23
998.129 9667.05
998.131 9678.87
998.132 9690.69
998.133 9702.52
998.134 9714.34
998.135 9726.16
998.136 9737.98
998.138 9749.8
998.139 9761.63
998.14 9773.45
998.141 9785.27
998.142 9797.09
998.143 9808.92
998.144 9820.74
998.146 9832.56
998.147 9844.38
998.148 9856.21
998.149 9868.03
998.15 9879.85
998.151 9891.67
998.153 9903.49
998.154 9915.32
998.155 9927.14
998.156 9938.96
998.157 9950.78
998.158 9962.61
998.159 9974.43
998.161 9986.25
998.162 9998.07
998.163 10009.9
998.164 10021.7
998.165 10033.5
998.166 10045.4
998.168 10057.2
998.169 10069
998.17 10080.8
998.171 10092.7
998.172 10104.5
998.173 10116.3
998.175 10128.1
998.176 10139.9
998.177 10151.8
998.178 10163.6
998.179 10175.4
998.18 10187.2
998.181 10199.1
998.183 10210.9
998.184 10222.7
998.185 10234.5
998.186 10246.3
998.187 10258.2
998.188 10270
998.19 10281.8
998.191 10293.6
998.192 10305.5
998.193 10317.3
998.194 10329.1
998.195 10340.9
998.196 10352.7
998.198 10364.6
998.199 10376.4
998.2 10388.2
998.201 10400
998.202 10411.9
998.203 10423.7
998.205 10435.5
998.206 10447.3
998.207 10459.1
998.208 10471
998.209 10482.8
998.21 10494.6
998.211 10506.4
998.213 10518.3
998.214 10530.1
998.215 10541.9
998.216 10553.7
998.217 10565.5
998.218 10577.4
998.22 10589.2
998.221 10601
998.222 10612.8
998.223 10624.7
998.224 10636.5
998.225 10648.3
998.226 10660.1
998.228 10671.9
998.229 10683.8
998.23 10695.6
998.231 10707.4
998.232 10719.2
998.233 10731.1
998.235 10742.9
998.236 10754.7
998.237 10766.5
998.238 10778.3
998.239 10790.2
998.24 10802
998.242 10813.8
998.243 10825.6
998.244 10837.5
998.245 10849.3
998.246 10861.1
998.247 10872.9
998.248 10884.7
998.25 10896.6
998.251 10908.4
998.252 10920.2
998.253 10932
998.254 10943.9
998.255 10955.7
998.257 10967.5
998.258 10979.3
998.259 10991.1
998.26 11003
998.261 11014.8
998.262 11026.6
998.263 11038.4
998.265 11050.3
998.266 11062.1
998.267 11073.9
998.268 11085.7
998.269 11097.5
998.27 11109.4
998.272 11121.2
998.273 11133
998.274 11144.8
998.275 11156.7
998.276 11168.5
998.277 11180.3
998.278 11192.1
998.28 11203.9
998.281 11215.8
998.282 11227.6
998.283 11239.4
998.284 11251.2
998.285 11263.1
998.287 11274.9
998.288 11286.7
998.289 11298.5
998.29 11310.3
998.291 11322.2
998.292 11334
998.294 11345.8
998.295 11357.6
998.296 11369.5
998.297 11381.3
998.298 11393.1
998.299 11404.9
998.3 11416.8
998.302 11428.6
998.303 11440.4
998.304 11452.2
998.305 11464
998.306 11475.9
998.307 11487.7
998.309 11499.5
998.31 11511.3
998.311 11523.2
998.312 11535
998.313 11546.8
998.314 11558.6
998.315 11570.4
998.317 11582.3
998.318 11594.1
998.319 11605.9
998.32 11617.7
998.321 11629.6
998.322 11641.4
998.324 11653.2
998.325 11665
998.326 11676.8
998.327 11688.7
998.328 11700.5
998.329 11712.3
998.33 11724.1
998.332 11736
998.333 11747.8
998.334 11759.6
998.335 11771.4
998.336 11783.2
998.337 11795.1
998.339 11806.9
998.34 11818.7
998.341 11830.5
998.342 11842.4
998.343 11854.2
998.344 11866
998.346 11877.8
998.347 11889.6
