20.8764 2560.24
20.5158 2319.07
18.6408 2195.48
16.5591 1823.01
21.036 2141.3
25.0943 2338.85
23.803 2039.9
22.2462 2026.01
22.2918 1741.67
21.1221 1589.97
29.9721 2324.26
28.3764 2117.53
34.806 2635.45
42.263 3351.43
42.7999 3169.09
44.9492 3157.41
45.1095 2851.14
44.0749 2549.85
43.4374 2177.1
42.2287 1715.44
40.2907 1379.12
37.6613 784.763
33.6092 131.681
31.6663 -29.566
28.4621 -389.457
26.0591 -573.01
28.8741 -14.7835
30.8015 416.138
28.1117 162.401
26.9957 163.419
18.4704 -1197.2
16.6489 -1268.43
17.8038 -1056.32
11.8039 -1902.33
7.19406 -2630.83
3.78839 -3073.72
5.63981 -2669.19
4.83261 -2615.71
5.88973 -2427.04
999.416 -3510.3
994.794 -4503.8
994.626 -4906.22
992.833 -5298.33
996.523 -5132.51
995.188 -5584.81
993.926 -5653.82
992.42 -6105.69
990.9 -6429.88
994.359 -6184.91
4.34255 -4754.8
4.77714 -4977.25
3.16367 -5077.08
2.68628 -5321.61
4.50074 -5457.17
2.66676 -5651.01
1.26021 -5838.15
9.60874 -5188.52
13.5529 -5114.7
9.15002 -5716
6.55038 -5998.94
5.77262 -5943.74
3.00066 -6309.61
999.493 -6754.28
997.702 -7143.73
999.602 -7198.49
4.5469 -6770.62
7.76332 -6486.47
13.6664 -5877.36
17.894 -5710.98
22.0615 -5756.48
21.9289 -6131.97
20.4336 -6245.87
18.5348 -6482.2
16.0956 -6604.04
15.5174 -6501.86
13.2598 -6606.7
9.98859 -6973.11
14.4032 -7122.38
15.2933 -7538.5
14.0287 -7758.36
13.0637 -7595.4
12.5056 -8128
11.2254 -8403.24
9.93805 -8431.57
9.57531 -8218.25
7.92304 -9021.6
6.62822 -9064.16
6.31408 -8851.09
4.41246 -9585.67
4.07565 -9355.5
2.52279 -9949.37
1.12041 -10172.3
0.606913 -10041.8
998.993 -10361
997.982 -10698.3
5.49599 -10345
19.0775 -9129.05
19.0586 -9412.8
17.4915 -9594.31
15.7637 -9967.78
14.1031 -9863.48
12.1091 -10143.2
10.417 -10450.9
8.58727 -10659.7
12.5274 -10715.8
10.7676 -10876.8
9.26787 -11085.3
13.0921 -10997.2
19.7887 -10385.7
29.5561 -9590.24
28.091 -10307.7
28.2174 -10134.1
25.7966 -10397.1
23.5382 -10660.4
22.1366 -10761.5
19.2342 -11273.2
16.2315 -11758.9
13.3167 -12123
11.6485 -12231.3
11.7135 -12110.9
7.92286 -12506.6
5.46335 -12948
10.3576 -12919.1
17.4838 -12358.4
20.0768 -12532.5
18.8078 -12699.5
17.3242 -12851.6
15.571 -12884
16.2115 -13156.2
16.1709 -13388.7
16.1048 -13647.6
15.2299 -13716.2
14.5657 -13940.7
18.4061 -13875.4
17.4049 -14029.2
16.7751 -14255.4
20.6726 -13927.6
22.672 -13795.8
24.0657 -13810.1
24.1148 -14087.8
22.6728 -14252.4
21.8298 -14530
24.2416 -14552.7
26.8767 -14473.3
25.2552 -15085.9
21.8483 -15831.3
21.0173 -15843.8
18.35 -16237.6
16.3968 -16388.9
16.7771 -16184.4
16.9374 -15985.3
13.1258 -16498.7
12.6251 -17451
11.6599 -18003.6
8.81646 -18803.4
5.92916 -19122.7
7.08364 -18851.1
5.08743 -18990
998.836 -20001.1
999.478 -19772.9
0.255198 -19437.1
1.14561 -19085.7
2.09455 -18738.1
999.614 -18944.6
996.392 -19494.4
993.956 -19948.4
992.998 -19967.3
990.549 -20813.6
988.979 -21569.4
987.216 -22369.6
985.712 -22580.2
982.843 -23385.3
980.515 -23726.8
979.02 -23793.1
979.847 -23593.5
976.723 -24018.2
973.405 -24520.1
973.559 -24328.3
971.914 -24326.2
972.647 -24059.2
973.329 -23927.1
975.492 -23374
973.259 -23541.8
970.66 -23814.8
967.459 -24479
964.529 -25286.6
963.555 -25341.1
961.24 -26337.9
960.054 -26535.4
957.857 -27195.3
955.65 -27657.9
956.672 -27250.2
955.23 -27397.9
953.712 -27662.6
951.884 -28199.1
951.4 -29042.6
949.26 -29545.5
949.179 -29356.3
947.968 -29374.8
946.945 -29393.5
945.008 -30065.2
948.581 -30274.3
951.924 -30152.5
952.873 -30361
952.238 -30636
951.467 -30823.7
950.755 -31094
949.808 -31138.2
949.936 -31515.9
948.978 -31636.4
958.769 -30581.8
967.093 -29428.5
983.332 -26975.3
5.9663 -23404.5
12.1948 -22416
13.9838 -22200
24.0079 -20244.9
23.0015 -20513.9
33.052 -18313.5
43.8421 -15841.6
60.7481 -12106.7
68.2993 -10625.9
70.7745 -10290.5
65.2795 -11605.5
65.3441 -11481.1
60.711 -12557.6
53.973 -14146.6
54.1912 -14025.4
51.391 -14607.9
46.4718 -15811.8
44.1609 -16446.4
58.4957 -13496.8
71.3533 -10709.9
79.5818 -8829.22
95.9118 -5037
118.829 0.290948
131.203 2528.34
132.437 2621.5
131.428 2357.77
137.419 3446.71
142.631 4266.84
151.778 5454.23
157.688 5701.8
156.189 5680.31
155.052 5441.14
155.203 5138.78
157.33 4832.43
155.882 4712.01
154.233 4090.45
151.903 3954.18
151.528 4102.62
147.651 3704.41
147.732 3846.69
146.651 3952.33
142.427 3261.36
140.138 2764.73
148.324 2969.76
148.732 2593.77
147.862 2259.04
145.938 1862.39
144.973 2021.54
145.244 2227.11
143.05 2214.83
141.737 1845.78
141.769 1456.49
140.931 1220.65
141.388 774.933
139.135 692.924
138.713 878.1
136.733 604.546
144.587 411.038
146.033 147.309
144.678 -251.84
143.457 -311.741
141.128 -663.773
141.036 -467.658
139.139 -612.502
137.083 -849.949
135.82 -878.518
133.995 -1051.31
137.336 -1454.91
136.952 -1814.62
136.034 -1815.86
135.408 -2091.53
138.134 -2252.94
142.941 -2288.54
140.047 -2874.22
140.06 -2705.31
138.325 -2804.19
136.272 -3028.26
134.73 -3325.88
137.708 -3727.19
138.695 -4025.97
135.961 -4627.77
132.736 -5059.69
132.362 -4976.1
130.717 -5105.38
127.274 -5600.13
124.422 -6014.96
125.452 -5598.91
126.348 -5222.82
126.376 -4990.96
122.769 -5605.5
120.24 -6116.17
118.569 -6368.44
116.381 -6772.66
116.06 -6641.49
113.841 -7159.3
114.127 -7753.41
114.162 -8150.89
114.176 -8502.71
117.198 -8657.45
115.89 -8977.32
118.032 -9194.18
116.502 -9744.57
112.315 -10397.6
109.679 -10691
106.921 -11020.3
106.856 -10888.5
101.523 -11703.2
100.19 -11694.6
100.762 -11545
101.544 -11369.1
98.3775 -11613.4
99.0164 -11427.6
100.018 -11170
97.4331 -11429.5
89.9074 -13169.4
87.1527 -13802.4
84.4819 -14406.6
85.1563 -14734.9
87.7892 -14604.4
94.3418 -14058
92.6253 -14367.5
91.0247 -14631.1
89.4997 -14867.3
96.6771 -14397.8
95.5647 -14544.5
95.0287 -14890.3
93.7312 -15012.1
92.7302 -15290.1
95.7766 -15149.4
103.258 -13973.7
108.242 -13211.6
116.092 -11999.7
114.263 -12342.5
122.645 -10927.3
124.561 -10685.4
135.87 -8589.58
154.906 -4429.89
176.559 471.664
186.354 2339.84
192.581 3283.24
203.182 4805.03
204.569 4685.92
200.264 3862.88
196.334 3199.52
197.657 3513.22
195.127 3137.66
191.058 2400.16
188.946 2077.44
185.714 1528.05
183.892 1008.19
181.971 690.516
181.231 269.588
179.55 -9.88205
177.872 -435.006
176.345 -794.368
185.742 494.186
184.475 240.346
184.925 95.9783
185.624 -1.27508
181.999 -567.34
180.742 -662.234
177.244 -1315.6
181.818 -868.806
200.993 2597.68
201.098 2484.74
213.9 4555.55
213.06 4379.31
214.276 4293.35
216.193 4274.1
213.179 3928.25
211.118 3801.76
212.08 3628.14
215.42 3778.67
216.651 3766.18
221.114 4096.2
219.492 3693.88
217.151 3310.97
212.982 2478.32
210.731 2318.77
211.878 2549.46
209.622 2369.33
204.337 1410.21
201.876 1000.46
201.288 985.153
198.223 450.777
194.479 -288.539
190.731 -1045.2
191.042 -836.017
186.989 -1739.45
192.239 -1208.82
194.761 -981.869
206.764 837.01
207.557 794.642
208.875 775.076
210.184 702.104
207.717 446.736
206.366 182.326
204.795 -50.7576
209.33 260.331
208.553 76.9162
212.796 602.068
223.188 2164.92
220.243 1656.11
217.676 1233.41
218.085 1134.65
230.259 3134.83
247.057 5945.44
252.689 6469.32
250.466 6246.13
248.131 5844.67
249.433 5850.19
252.052 6035.42
254.378 6121.53
251.658 5789.39
251.076 5579.29
254.941 5930.57
263.088 6955.93
269.876 7304.26
269.33 7048.15
270.218 6610.92
268.312 6458.85
267.473 6629.66
265.783 6639.98
264.137 6312.3
266.28 6019.65
267.339 5631.81
266.332 5569.61
267.407 4723.32
266.857 4913.96
265.746 4925.47
264.74 4355.05
263.943 4293.76
262.83 4051.97
261.798 3853.86
260.419 3369.37
258.845 3444.83
259.318 3705.15
258.912 3948.21
256.707 3572.9
255.288 3343.66
255.023 2802.55
256.599 2359.55
257.744 2060.47
259.698 1674.1
259.233 1062.21
257.646 946.861
257.287 1129.23
255.934 1065.9
254.533 868.259
254.89 151.204
254.446 -236.629
254.834 -862.931
252.466 -1394.22
250.993 -1504.63
247.987 -1935.13
247.77 -1793.75
247.956 -1614.55
244.097 -2217.91
242.24 -2296.55
243.518 -2021.56
244.101 -1781.19
239.09 -2636.98
235.215 -3328.52
234.54 -3174.57
237.896 -2491.32
235.422 -2765.37
233.754 -2781.45
234.558 -2578.16
231.966 -2815.05
230.168 -2975.11
230.148 -2782.97
226.718 -3541.95
224.339 -4770.28
224.114 -4554.3
223.318 -4445.55
221.8 -5327.21
220.724 -5684.41
222.941 -6328.36
224.533 -6871.39
225.16 -7764.45
221.184 -8375.33
221.746 -8183.71
222.026 -7974.99
218.502 -8470.21
212.563 -9617.56
211.928 -9476.19
212.801 -9232.69
213.68 -8849.94
214.148 -8552.28
214.516 -8333.59
210.351 -8965.07
206.491 -10123.2
203.612 -10918.6
201.112 -11548.9
197.988 -12292.9
194.906 -12856.5
190.735 -13545.5
188.806 -13568.5
190.631 -13284.3
191.301 -13086.8
190.955 -12945.3
190.523 -12865.2
190.035 -12797.8
187.198 -13230.9
183.396 -13885.8
183.615 -13733.4
183.728 -13580.1
183.125 -13530.6
181.186 -13791.6
175.145 -15227.7
169.137 -16708.3
164.843 -17474.4
165.926 -17224.3
164.803 -17266.3
161.946 -17687.1
161.59 -17580.6
162.579 -17382.4
162.822 -17195.1
156.961 -18263.5
157.659 -18062.1
154.066 -18734.4
150.513 -19515.5
147.687 -20340
145.818 -21065.7
144.141 -21433
142.646 -21953.6
146.449 -21820.2
156.442 -20656
156.115 -20906.4
158.047 -20907.5
167.097 -20218.2
167.416 -20502.3
166.265 -20976.4
163.763 -21555.1
161.726 -21772
160.019 -21670.6
160.098 -21473.6
156.966 -22101.3
154.924 -22353.4
153.036 -22576.8
150.709 -23073.1
148.926 -23408.5
151.257 -23587.2
154.364 -23479.3
168.234 -21622.3
172.03 -21108.6
176.448 -20477.7
189.614 -18354.9
194.872 -17620.9
205.345 -16095.3
211.005 -15567.8
210.075 -15762.4
207.806 -16034.5
218.144 -15143.1
225.07 -14680.5
227.686 -14660.2
228.431 -14901.7
227.45 -15241.4
226.116 -15768.4
224.476 -15897.1
221.655 -16242.8
220.35 -16209.2
221.055 -16048.8
218.939 -16129.8
215.872 -16494.9
212.928 -16840.4
213.016 -16670
210.106 -17138.4
215.875 -17487
215.696 -17908.4
214.214 -18167.9
211.84 -18478.5
212.133 -18282.1
211.093 -18183.2
209.038 -18492.8
207.564 -19099.4
205.01 -19335.5
204.626 -19183.8
204.065 -19085.1
201.957 -19225.5
199.147 -19659.4
199.896 -20017.4
202.655 -20162.4
209.849 -20070
208.197 -20173.4
211.772 -20215.7
213.573 -20285
214.115 -20502.7
213.11 -20844.9
211.595 -21082.2
209.444 -21601
208.132 -21691
204.659 -22193.6
205.481 -21948.5
205.311 -21760
203 -22029.6
201.435 -22218
199.779 -22555.3
198.006 -23094.1
196.005 -23522
196.231 -23249.8
194.743 -23426.8
192.566 -24032.3
190.597 -24298.7
190.265 -24055.6
190.814 -23859.4
188.845 -23895.7
186.86 -24502.9
185.503 -24649.8
185.287 -25085.4
186.531 -25592.7
185.312 -25483.5
184.197 -25747.6
186.093 -26036.3
190.153 -26195.6
186.876 -26522.6
185.441 -26526.7
184.054 -26513.1
182.041 -26791.2
185.335 -27010.7
186.662 -27070.4
192.225 -26523
203.891 -24944.5
211.464 -23914.4
209.631 -24200
210.481 -24214
215.246 -23684.5
213.322 -24009.5
212.35 -24216.8
219.199 -23325.7
220.183 -23368.8
216.984 -23922.2
215.037 -24199.5
212.344 -24681
211.225 -24975
209.577 -25224.1
212.463 -25071.1
249.309 -17770.5
257.286 -16341.6
255.105 -16785.2
266.415 -14973.5
280.234 -12979.1
282.95 -12795.4
283.579 -13213.5
282.729 -13248
280.3 -13827.2
277.326 -14564.6
276.399 -14615.4
272.747 -15333.7
270.169 -15735
268.126 -15957.1
268.245 -15815.7
268.969 -15498.9
264.848 -16165.8
261.097 -16710.6
257.559 -17384.3
258.274 -17552.3
259.724 -17583.2
264.974 -17525.6
263.058 -18100.1
262.868 -17914.2
261.296 -18000.5
259.166 -18623.4
258.689 -18507.1
256.79 -18897.9
261.087 -19208.7
259.827 -19219.7
258.248 -19535.5
259.298 -19980.6
257.676 -20177.3
256.221 -20312.7
254.507 -20981
252.702 -21228.6
249.037 -22061.8
247.588 -22204.7
246.323 -22305.9
243.896 -22662.4
240.552 -23232.9
241.475 -22848.7
242.578 -22529.2
241.483 -22516.9
236.901 -23404.7
234.272 -24125.6
232.446 -24526.1
230.786 -24880.1
231.247 -25164.6
230.755 -25455.6
232.379 -25599.3
231.407 -26005.6
230.358 -26120.4
229.761 -26631.9
227.703 -26865.8
227.371 -26724
225.401 -27163.5
224.017 -27432.7
223.157 -27835.7
232.532 -26747.5
242.471 -25081.9
259.962 -22029.8
264.915 -21351.6
268.556 -20935.4
267.343 -21326.2
264.781 -21880.4
263.462 -21912.9
260.788 -22373.3
262.048 -22538.3
260.359 -22883.7
257.904 -23263.8
254.9 -23793.5
253.905 -23870.3
250.308 -24545.6
259.647 -23423
260.719 -23468.4
258.895 -23742
257.544 -23993
259.987 -23836.6
273.338 -21075.2
272.963 -21236.9
275.183 -20891.9
277.527 -20564.2
276.38 -20873.3
273.005 -21544
275.82 -21137.9
276.937 -21029.9
291.783 -17578.1
307.015 -14090.6
319.811 -11878.9
318.91 -12338.7
318.128 -12354.1
315.764 -12921.9
312.785 -13589.7
311.664 -13668.6
310.357 -13808.9
306.818 -14674
310.256 -14266.2
312.568 -14140.9
311.854 -14403.9
310.62 -14621.5
311.049 -14823.6
310.206 -15171.4
308.219 -15428.8
306.391 -15739.2
303.82 -16307.9
302.892 -16348.1
301.133 -16875.5
301.389 -17124.6
299.324 -17463
308.995 -15929.8
314.496 -14878.8
332.074 -10889
338.709 -9788.46
343.181 -9350.32
344.76 -9535.23
343.031 -9691.82
340.861 -9822.88
340.424 -10138
340.299 -10461.6
338.484 -10859
337.477 -10858.6
334.682 -11400.3
333.394 -11546
331.142 -11926.5
329.093 -12408
330.075 -12507.1
329.17 -12810
327.11 -13160.7
335.225 -12038.8
340.632 -11508.2
340.758 -11723.9
339.521 -11959.9
338.935 -12327.7
337.062 -12506.5
335.664 -12561.7
334.015 -13082.4
332.775 -13141.8
331.342 -13486.2
330.663 -13849.5
329.301 -14017.5
328.282 -14316.4
334.746 -13711.1
333.311 -13933.5
333.514 -14115.8
335.082 -14081.1
331.514 -14665.9
330.671 -14668.5
328.293 -15092.8
327.504 -15378.1
334.41 -14534.6
335.352 -14484
348.357 -12088.9
350.266 -11917.3
363.888 -9796.87
368.669 -9263.08
369.023 -9497.09
366.889 -10068.3
365.851 -10123.6
363.054 -11009.9
357.08 -12158.1
357.186 -12009.7
356.85 -11922.1
357.309 -11725.4
355.68 -11905
347.856 -13380.7
348.323 -13208
346.907 -13300.5
343.214 -14143.8
341.432 -14546.2
340.131 -14895.2
339.68 -15181.9
340.396 -15337.6
338.452 -15831.9
337.638 -15831.6
335.093 -16256.5
335.352 -16498.9
347.136 -15020.4
345.267 -15232.2
343.088 -15536
344.002 -15620.4
345.298 -15689.3
346.535 -15797.8
344.26 -16072.2
342.315 -16260.6
340.471 -16580.9
342.055 -16684.5
339.984 -16949.2
341.263 -16994.2
347.742 -16241.7
347.006 -16497.8
345.699 -16744.4
344.565 -17032.2
342.764 -17316.1
340.76 -17628.4
360.584 -14299
367.607 -13067.9
374.634 -11798.9
379.724 -11058.3
378.057 -11397.1
379.223 -11447.2
379.037 -11757.9
377.223 -12115.1
375.29 -12538.8
373.95 -13081.6
371.313 -13726.4
367.738 -14503.4
364.874 -15024.9
363.057 -15284.2
365.337 -14709.9
362.997 -15072.5
356.664 -16533.2
352.334 -17411.7
350.091 -17801.5
350.111 -17690.5
343.449 -19049.9
343.871 -18908.4
343.486 -18846.7
337.963 -19836.7
335.897 -20388.4
335.276 -20721.7
343.591 -19766
342.961 -19981.6
351.255 -18606.9
351.734 -18679
353.75 -18464.6
360.221 -17568
357.747 -18168.7
355.517 -18530
353.267 -18900.9
349.979 -19464
347.871 -19929.4
349.864 -19840.7
356.528 -18785.5
365.191 -17108.7
401.292 -9110.26
427.552 -3869.14
437.888 -1955
447.097 -298.431
448.234 -283.089
449.348 -281.615
452.132 -174.4
450.481 -442.177
448.703 -1103.02
446.02 -1691.1
444.553 -1919.88
440.657 -2958.12
437.877 -3579.41
433.022 -4732.4
426.234 -6233.19
427.804 -5787.84
431.484 -4836.86
426.957 -5774.51
427.12 -5637.59
420.759 -7007.7
421.836 -6733.95
415.871 -8006.37
417.889 -7459.94
409.19 -9564.33
404.755 -10528.1
404.727 -10416.9
402.542 -10748.6
403.102 -10586.9
401.229 -10849.3
396.043 -11909.9
392.993 -12633.2
393.409 -13004.6
391.932 -13499.2
389.776 -13970.1
386.556 -14769.3
385.789 -14811.8
383.523 -15238.1
381.97 -15491.8
382.082 -15935.4
389.034 -14832
389.228 -15010
387.451 -15310
388.366 -15360.1
395.217 -14284.3
393.671 -14575.1
392.669 -14860.2
397.783 -14250.2
395.861 -14719.4
394.085 -14935.4
393.03 -15302.8
391.743 -15583.1
395.12 -15208.5
398.185 -14713.6
402.643 -14038.4
399.402 -14643
398.753 -14904.1
405.409 -13652.1
412.439 -12196
418.03 -11077
429.96 -8525.72
434.666 -7569.79
442.009 -6015.26
448.045 -4868.53
452.151 -4162.25
459.243 -3199.54
457.466 -3406.91
456.277 -3812.22
454.486 -4162.56
452.534 -4511.93
455.186 -4396
457.477 -4254.46
454.252 -5012.39
451.173 -5397.95
450.387 -5380.74
447.543 -5830.98
446.765 -6359.56
445.073 -6613.22
443.185 -6984.24
447.313 -6761.91
443.998 -7476.53
442.711 -7589.44
441.832 -7630.7
437.349 -8501.4
442.178 -8018.97
449.615 -6772.4
461.364 -4288.99
480.771 -89.1847
487.034 1061.52
496.626 2565.18
505.914 3720.37
506.592 3645.47
513.669 4078.61
512.514 3947.81
518.847 3903.4
518.039 3441.71
513.881 3084.14
513.21 3195.42
511.104 3097.66
510.268 3150.3
508.773 3187.95
504.268 2689.37
503.403 2348.14
501.626 2137.24
505.621 2095.97
511.391 2134.14
514.908 2048.86
513.883 1905.24
516.7 1666.05
515.395 963.388
515.366 1212.63
513.097 849.537
512.213 885.439
509.997 172.202
506.673 -279.181
506.663 -46.237
507.255 125.577
503.385 -189.991
503.461 5.36242
503.014 153.435
501.416 202.707
499.25 -312.909
497.939 -500.679
496.633 -529.332
496.616 -1000.51
496.649 -1422.1
496.433 -2038.9
495.029 -2067.43
494.627 -1812.78
493.53 -1724.32
492.349 -1971.22
493.25 -2899.23
492.065 -3048.63
491.22 -2971.83
490.292 -2891.44
489.413 -2831.77
488.21 -2995.54
488.031 -3555.92
487.156 -3474.21
486.222 -3676.54
486.717 -4059.97
486.14 -4253.15
485.51 -4367.44
488.698 -4692.42
488.9 -5029.39
487.187 -4855.46
487.267 -5203.49
487.324 -5558.72
485.764 -5514.07
484.097 -5577.19
482.905 -5563.62
481.606 -5778.47
481.78 -6108.57
489.222 -6085.51
489.58 -6290.63
487.578 -6489.19
486.213 -6404.7
485.171 -6634.15
486.226 -6845.87
489.775 -6761.34
503.323 -5359.47
504.591 -5389.74
504.285 -5585.39
508.635 -5339.01
507.507 -5513.87
511.689 -5423.24
512.601 -5838.71
510.993 -6010.99
509.775 -6033.08
508.17 -6178.32
508.634 -6733.74
508.038 -7231.75
506.618 -7423.26
504.771 -7831.27
501.617 -8494.66
500.088 -8532.67
500.664 -8214.7
501.387 -7842.78
500.711 -7713.96
498.008 -8140.36
496.346 -8389.98
494.813 -8688.11
493.358 -9325.07
491.216 -10120.7
490.394 -9991.79
489.921 -9822.49
489.018 -9718.72
488.396 -9585.64
486.123 -9842.92
485.591 -10415
485.362 -11115.8
484.5 -10969.9
484.871 -12105
483.781 -12059.7
482.911 -12001.4
481.765 -12055.6
480.153 -12411
478.357 -13290
476.48 -13356.5
474.85 -13343.9
475.255 -13126.9
476.265 -12748.3
474.042 -12944.2
472.756 -13029.3
469.652 -13941.5
467.121 -14428.3
467.453 -14180.7
466.21 -14229.9
466.36 -14017.9
464.252 -14328.5
461.863 -15170.5
461.268 -15125.2
459.602 -15484.2
459.414 -16019.1
460.364 -16418.5
460.638 -16785.3
459.952 -17186.7
456.854 -17667.8
455.751 -17661.7
455.772 -17506.4
454.584 -17505.8
452.873 -17637.5
450.526 -18145.9
448.794 -18535
450.137 -18908.9
459.108 -18153.2
467.481 -17111.4
468.975 -17139.5
467.71 -17376.6
465.456 -17629.5
471.391 -17113.8
480.693 -16071.7
489.492 -15235.6
488.324 -15424.8
487.335 -15606.4
493.415 -15014.3
497.914 -14508.1
499.699 -14394
513.068 -12303
526.653 -10139.5
532.66 -9674.86
531.018 -10346.9
529.559 -10504.9
528.689 -10529.4
527.118 -10714.2
525.15 -11197.8
525.635 -11752
524.508 -12309.1
521.489 -12999.3
518.607 -13560.2
516.895 -13827.3
516.291 -13830.8
513.336 -14360.1
515.871 -13688.7
514.099 -13939.3
508.494 -15315.5
504.339 -16182.2
506.376 -15596.5
507.108 -15313.5
503.122 -16134.3
499.631 -16956.8
496.645 -17632.6
492.671 -18511.8
491.456 -18543.3
490.993 -18426.8
491.053 -18234.9
491.344 -18033
491.969 -17871.5
486.257 -18833.9
482.586 -19932.2
480.186 -20220.5
478.855 -20195.8
479 -20013.7
479.756 -19550.1
476.985 -19916
473.928 -20384.7
472.389 -20797.1
473.138 -21196.2
471.905 -21391.1
473.038 -21698.5
479.734 -22073.1
478.067 -22466.1
476.585 -22569.4
473.82 -23041.7
472.384 -23161.7
472.645 -22789.3
472.021 -22563.5
469.498 -22831.7
468.923 -23477.5
467.573 -23802.6
466.292 -24020
465.34 -24111.5
463.418 -24577.1
463.653 -24296.8
462.135 -24416
461.564 -25203.1
460.374 -25462.8
459.297 -25466.6
458.434 -25381.5
457.8 -25908.1
458.074 -26207.2
462.383 -26037.6
469.499 -25531.8
467.262 -25710.5
466.005 -25984
477.108 -24954.8
475.76 -25128.9
475.21 -25365.3
473.462 -25539.1
479.257 -25133.2
482.662 -24856.8
477.991 -25605.7
475.62 -25877.8
473.378 -26080.4
470.129 -26399.4
470.128 -26682.5
482.483 -25297.7
481.876 -25452.1
484.763 -25282.8
483.102 -25535.6
484.398 -25556.6
484.637 -25732.9
482.194 -25943.7
480.574 -26198.6
481.869 -26268.8
487.317 -25529.1
489.558 -25224.5
493.701 -24598.8
489.918 -25327.4
496.576 -24182.8
512.791 -20807.2
515.087 -20430.9
519.867 -19544.8
531.334 -17583.8
535.426 -17097
530.191 -18135.6
529.402 -18138.4
525.404 -18901.4
521.944 -19537.4
518.033 -20308.7
518.811 -20355.6
538.342 -16987
543.728 -16118.5
545.542 -16018.1
544.681 -16298.1
542.445 -16620
549.583 -15700.6
552.422 -15433.6
551.683 -15745.4
551.829 -16035.7
549.466 -16633.8
544.961 -17591.3
544.09 -17609.1
544.743 -17406.8
540.452 -18207.5
538.012 -18640.1
534.268 -19362
530.793 -19943
532.065 -19668.7
527.505 -20468
524.164 -21055.2
521.989 -21406.3
520.311 -21647.7
517.003 -22248
513.612 -23033.4
512.913 -23387.3
520.508 -22404.7
525.518 -21868.9
524.327 -22136.6
529.869 -21518.5
535.908 -20856.4
533.082 -21559.7
531.821 -21714.1
529.111 -22191.7
525.732 -22874.5
522.402 -23495.3
519.079 -24042.3
518.634 -23973.8
519.175 -23779.6
515.869 -24258.3
512.439 -24964.6
511.745 -25383
510.29 -25671
510.707 -25888.9
516.599 -25183.5
521.052 -24592.9
522.773 -24420.7
528.386 -23572.8
527.659 -23802.5
525.023 -24274.6
532.416 -23044.6
541.394 -21265.7
541.595 -21381.8
538.53 -21937.6
539.571 -21879.5
542.539 -21412.3
558.215 -18142.7
565.521 -16807.2
574.492 -15266.1
572.56 -15840.9
568.551 -16827
568.192 -16800.5
565.743 -17318.7
562.97 -17909.1
560.867 -18339.5
558.741 -18785.1
556.768 -19349.1
555.207 -19683.4
553.28 -20179.9
552.01 -20289
552.52 -20602.9
553.712 -20695.7
551.588 -21155.7
548.895 -21642.6
548.213 -21641
545.522 -22147.6
543.451 -22692.4
546.35 -22434.3
545.984 -22645.9
558.946 -20187.8
571.755 -17378.7
585.026 -14287.1
596.066 -11745.4
614.076 -7855.62
611.562 -8424.1
607.881 -9209.13
619.431 -6966.29
622.957 -6427.49
630.21 -5294.72
642.558 -3650.86
648.426 -3307.25
645.815 -3774.25
641.953 -4321.63
642.186 -4152.93
639.577 -4445.53
636.198 -5066.4
633.272 -5524.39
631.403 -5759.57
628.389 -6237.36
629.708 -6297.66
634.751 -5817.43
644.526 -4850.11
641.844 -5208.37
639.063 -5510.92
643.062 -5289.49
652.09 -4310.97
649.259 -4714.86
646.916 -5005.31
649.795 -4886
664.705 -2845.57
665.04 -3176.2
663.471 -3175.71
663.189 -3496.13
663.376 -3812.23
662.8 -4137.27
661.388 -4110.51
665.285 -4236.75
665.309 -4705.27
664.058 -4864.89
662.087 -5478.3
660.439 -5767.48
657.246 -6537.26
657.082 -6377.94
657.309 -6152.81
654.567 -6714.45
652.775 -7036.39
649.293 -8159.81
647.439 -8425.86
642.889 -9201.54
642.544 -9038.48
643.101 -8847
644.114 -8650.57
638.803 -9349.97
637.791 -9368.9
634.429 -9716.75
636.311 -9415.84
633.147 -9708.31
630.137 -10015.6
629.718 -9937.34
629.671 -9811.9
625.32 -10317.7
622.101 -10718.4
619.126 -11254.4
616.403 -11764.9
614.807 -11970.1
614.675 -12375.9
620.916 -12258
619.251 -12514.6
618.297 -12434.8
617.279 -12835.1
616.409 -13094.6
615.432 -13331.9
614.903 -13593.8
623.043 -13070.7
623.65 -13265.3
624.076 -13480.9
624.894 -13797.8
623.946 -13969.2
622.984 -14195.4
621.085 -14346.6
619.669 -14297.5
618.696 -14249.8
615.926 -14556.7
617.284 -14835.1
624.964 -14986.7
626.335 -15285.7
625.925 -15696.1
623.454 -15972.6
623.139 -15771.5
622.266 -15528.4
619.944 -15519
617.775 -15746.5
620.973 -16329.3
620.995 -16903
620.049 -16717.9
618.673 -16508.8
617.564 -16710.4
617.652 -17211.8
616.405 -17079
615.294 -17215.4
617.589 -17669.8
621.201 -18172.6
619.543 -18061.2
617.008 -18044.5
619.164 -18456.1
618.531 -18608.3
620.257 -19132.2
618.86 -19200.9
617.676 -19160
616.526 -19245.9
618.08 -19927.9
616.659 -20393.9
615.088 -20385.2
614.726 -20219.5
613.336 -20217.6
612.15 -20249.7
611.212 -20251.6
609.693 -20667.6
608.718 -20695.1
608.248 -20517.9
607.162 -21335.1
605.925 -22054.3
605.867 -21840.3
604.061 -21873.2
603.158 -21784.9
602.573 -21680.3
601.113 -21729.4
599.275 -22063.9
599.2 -22547.7
599.621 -23014.7
598.585 -23069.5
601.364 -23422.5
606.292 -23512.8
605.259 -23805.4
604.022 -23926.7
602.481 -24254.2
600.52 -24628.6
599.083 -24730
596.612 -24967.3
597.178 -24743.2
595.558 -24771.7
592.93 -25604.4
591.704 -25655.7
591.397 -25503.1
589.616 -25706.8
588.195 -26194.5
588.869 -26597.3
587.906 -26830.9
603.323 -25362.6
620.558 -23135.6
619.234 -23418.7
620.398 -23434.3
622.097 -23309.1
624.764 -23033.1
619.7 -24060.8
613.723 -25017.6
612.93 -25044.8
612.014 -25068.8
610.917 -25090.5
608.193 -25437.3
603.041 -26231.5
603.613 -26529.3
601.783 -26769.5
600.683 -27031.3
609.195 -26188.5
630.353 -22575.8
629.263 -22834.4
633.464 -22193.4
644.176 -20203.1
643.703 -20491.7
640.618 -21109
636.596 -21990.1
631.216 -23132.2
630.689 -23150.2
629.232 -23352.2
624.139 -24436.3
626.749 -24157.7
636.904 -22346.5
650.038 -19567.3
660.297 -17402
663.102 -17029.3
664.861 -16902.8
662.338 -17419.8
660.197 -17772.6
659.07 -18165.7
657.064 -18571.3
654.867 -19012.1
654.52 -19259.6
663.471 -17760.8
661.041 -18254
659.22 -18635.2
660.169 -18615.9
672.733 -15830.6
695.959 -10910.8
697.506 -10806.2
693.072 -11639
691.304 -11913
689.327 -12424.1
696.653 -11221.7
703.008 -10215.8
700.896 -10647.1
698.594 -11088.8
706.321 -9854.78
712.933 -8827.7
715.137 -8732.41
714.042 -9071.2
712.281 -9185.12
712.064 -9461.96
716.679 -9007.62
722.415 -8492.32
721.759 -8836.4
718.915 -9428.8
717.438 -9597.4
715.574 -9854.1
711.683 -10614
708.677 -11128.9
704.129 -11945.5
705.296 -11680.1
703.992 -11778.2
698.325 -12892.8
698.382 -12761.7
697.902 -12731.1
692.782 -13849.7
689.074 -14769.9
688.654 -14714.1
684.88 -15550.6
684.253 -15541.9
681.707 -16259.2
696.758 -14150.1
710.635 -12068.8
715.98 -11386.6
716.991 -11400.3
718.958 -11289.6
720.592 -11248.2
721.413 -11384.5
720.304 -11822.9
716.585 -12450.9
715.299 -12580.2
711.532 -13245.3
706.171 -14362
703.247 -14876.2
702.247 -14969.2
698.572 -15593.8
701.046 -15001.6
702.041 -14701.8
697.11 -15620.1
692.497 -16592
689.618 -17156.8
685.807 -17937
686.89 -17590.6
682.632 -18506.1
681.578 -18604.7
679.099 -19128.1
678.064 -19672.3
676.179 -20252.6
675.69 -20137.8
673.688 -20568.1
672.41 -20990.7
672.394 -21270.1
674.661 -21153.4
674.203 -21376.5
677.476 -21002.4
694.497 -18028.9
713.861 -14668.4
713.45 -14844.6
712.746 -15019.8
717.642 -14465.1
718.443 -14559.5
715.18 -15068.2
711.75 -15594
710.161 -15710.9
707.192 -16298.2
709.84 -16140
708.995 -16345.5
716.209 -15354.5
718.266 -15162.7
716.129 -15557
720.049 -14993
734.066 -12400.4
738.544 -11792.5
740.468 -11628.7
747.001 -10855.3
750.643 -10612.8
750.465 -10785.4
751.589 -10876.2
755.843 -10778.8
757.291 -11097.7
755.497 -11613.8
752.896 -11820.3
752.921 -11643.4
752.84 -11445.4
750.078 -11858.2
748.627 -12253.7
746.64 -13057.1
746.283 -12944.7
744.581 -13033
743.241 -13101.7
742.915 -12965.1
740.392 -13485.5
737.88 -14198.3
737.171 -14114.7
736.013 -14140
734.436 -14251.2
732.998 -14742.5
733.798 -15363.3
732.899 -15340.1
731.01 -15873.6
730.573 -15737.2
728.962 -16007.6
727.141 -16454.3
726.467 -16373.2
724.551 -16675.3
724.869 -17020.9
725.085 -17230.1
735.723 -16192.6
747.827 -15015.2
750.382 -15053.9
751.45 -15240.8
751.366 -15597.5
749.955 -15852.8
747.9 -16185.6
748.175 -15932.4
746.141 -16094.6
744.324 -16171.8
742.897 -16183.3
744.227 -16719.9
743.525 -16975.5
742.673 -17115.3
741.822 -17392.2
740.855 -17407.8
744.11 -18005.2
743.339 -17870.3
742.169 -18145.7
742.807 -18496.4
744.388 -18734.9
742.003 -19518.2
739.313 -19699.5
739.358 -19554.9
739.312 -19393.5
738.33 -19311.5
734.704 -19932.1
731.033 -20650.5
728.401 -20907.4
729.586 -20665.3
726.669 -20983.3
724.295 -21261.3
722.946 -21275.8
724.224 -21028.5
722.852 -21040.2
720.143 -21372
717.317 -22088.3
714.052 -23243
711.795 -23492.9
712.674 -23123.8
712.289 -23000.9
710.354 -23199.3
707.785 -23787.2
706.232 -24721.7
705.219 -24758.9
703.634 -24950.4
702.088 -25132.7
700.688 -25301.6
701.383 -25790.8
710.531 -25001.6
712.78 -24905.7
714.364 -24864.6
720.146 -24362.1
717.925 -24635.8
719.475 -24649.7
723.283 -24329.9
723.901 -24420.6
725.486 -24476.2
724.458 -24683.6
721.931 -24870.2
723.896 -24956.9
736.735 -23276.1
744.939 -22190.8
761.491 -19640.7
764.004 -19509.9
764.501 -19715.2
763.537 -19881.5
762.554 -20067.5
767.396 -20059.1
765.692 -20573.2
765.387 -20380.4
763.703 -20697
762.448 -20875.5
762.374 -21326.9
761.386 -21635.6
760.344 -21604.7
760.204 -22119.8
759.975 -22470.9
758.841 -23049.4
753.997 -23819
754.726 -23588.9
755.455 -23370.6
751.839 -23898.5
751.809 -23744.4
747.738 -24600.2
743.624 -25417.6
743.414 -25267.2
744.637 -24929.1
745.428 -24600
738.817 -26117.2
735.376 -26766.9
736.881 -26358.4
734.878 -26606
731.524 -27411.8
729.263 -28300.6
727.86 -28439.6
724.893 -29131.5
722.002 -29671.6
715.29 -30860.2
712.894 -31057
714.258 -30806.2
717.079 -30198.2
711.793 -30975.8
705.553 -31806.8
706.496 -31675.4
705.213 -31617.5
706.141 -31482
708.339 -31122.6
705.358 -31329.4
700.834 -32045.1
696.674 -32731.5
689.011 -34086.3
690.097 -33859.9
689.519 -33805
689.259 -33706.3
683.86 -34624.8
683.368 -34578.1
678.94 -35665.5
677.495 -36176.6
678.224 -36471.2
678.198 -36781.6
679.884 -36839.4
685.443 -36365.8
691.462 -35775
702.027 -34511.5
715.043 -32890.3
726.974 -31335.2
737.563 -29979.1
743.833 -29253.7
752.969 -28096.3
755.35 -28017.2
753.686 -28278.9
756.764 -28139.5
759.977 -27926.7
760.95 -28136.9
756.668 -29161.7
751.814 -29967.6
747.12 -30658.4
747.436 -30533.5
747.79 -30342.2
748.023 -30159.1
748.407 -30000.2
745.514 -30340.3
742.109 -30818
737.985 -31548
735.01 -32087.4
729.288 -33303.6
729.596 -33140.9
728.842 -33124.3
721.967 -34410.3
723.019 -34183.5
723.09 -34013
715.502 -35466
715.184 -35346.2
716.23 -35113.7
712.938 -35566.9
709.867 -36090.7
707.672 -36645.7
705.355 -37143.7
704.457 -37148.3
702.5 -37629.4
706.253 -37584.4
716.451 -36475.5
717.046 -36605.3
715.523 -36833.8
719.639 -36455.3
720.986 -36397.2
724.715 -35961.4
735.686 -34555.2
738.877 -34359.6
739.326 -34555.4
736.626 -35001.1
733.968 -35309.3
731.887 -35511.1
728.874 -35930.3
726.374 -36273
722.829 -36916.8
731.187 -36094.6
732.495 -36164.4
730.196 -36558.9
728.803 -36623.8
727.123 -36976.9
735.389 -36059.1
738.081 -35763.3
738.692 -35805.3
741.611 -35514.6
739.65 -35899.2
737.031 -36323.4
734.449 -36653.9
739.14 -36232.1
753.161 -33611.8
757.323 -32933.8
768.427 -31043.9
767.164 -31300
773.751 -30501.2
771.76 -31050.7
767.276 -31930
767.216 -31787
765.68 -31971.6
761.866 -32743.8
759.445 -33240.5
757.812 -33708.5
756.109 -34171.7
753.336 -34874.4
752.03 -34992.7
751.746 -34896.3
747.665 -35772.7
745.074 -36328.7
752.364 -35391
762.469 -33615.8
763.129 -33618.5
771.664 -32074.5
784.594 -30427.2
785.256 -30788.3
784.157 -30754.9
782.264 -30986.3
780.762 -31196.5
779.198 -31536.4
777.871 -31655.7
776.125 -31901.5
775.695 -32163.3
774.788 -32358.7
777.165 -32321.3
781.968 -32082.8
781.808 -32324.9
779.882 -32595.6
778.455 -32677.5
776.42 -32933.4
774.752 -33121.6
775.052 -33337.5
785.793 -32450.5
791.997 -31936.3
787.94 -32686.4
783.21 -33466.3
781.941 -33572.3
781.135 -33585.1
779.7 -33597.3
777.328 -33820.2
773.112 -34354.7
770.674 -34606.6
768.865 -35001.6
773.457 -34891.9
773.716 -35148.5
773.07 -35416.9
771.877 -35539.8
771.562 -35949.9
769.447 -36093.7
768.414 -36094.6
765.95 -36502.9
764.524 -36632.7
762.997 -37065.2
767.811 -36809.3
773.339 -36309.1
787.741 -34170.7
789.333 -34089.5
788.517 -34309.6
786.109 -34653
789.659 -34379.1
789.043 -34557.6
795.219 -33631.2
801.11 -32815.4
799.749 -33071.3
807.709 -31983.5
815.072 -31377.7
814.828 -31774.3
813.576 -32116.8
812.076 -32377.7
810.744 -32508.1
810.438 -32348.3
808.361 -32838.6
807.122 -32854
806.557 -33285.8
808.484 -33849.3
807.213 -33730.7
809.569 -34293.4
807.58 -34832.6
805.658 -35085.2
803.628 -35310.4
802.639 -35236.2
803.245 -35040.5
801.632 -35061.3
799.597 -35420.4
798.407 -35518.2
797.105 -36064
798.851 -37092.6
796.774 -37711.9
794.001 -38072
794.39 -37869.1
792.378 -37943.1
793.28 -37672.7
792.337 -37543.3
790.732 -37618.9
788.533 -38523.2
786.982 -38916.3
784.879 -39568.6
783.258 -39816.8
783.106 -39674.5
781.109 -40023.9
778.67 -40503.2
777.469 -40583.5
778.922 -40125.4
773.349 -41443.8
772.272 -41464.8
772.527 -41286.9
768.84 -41845.1
769.519 -41625.9
769.938 -41394.1
765.609 -42225.8
762.463 -42887.8
761.99 -42805.9
761.436 -42744.7
758.658 -43346.5
756.944 -43774.1
756.352 -44125
759.645 -44149
765.032 -43852.4
773.069 -43332.5
773.595 -43553.3
771.767 -43628
772.901 -43854.7
779.86 -43334.7
783.354 -43381.6
782 -43812
781.537 -43628.2
780.127 -44064.8
779.808 -44584.2
777.685 -44941.1
776.955 -44917.9
774.77 -45281.6
775.038 -45024.2
772.503 -45638.3
770.655 -46436.6
768.356 -46714.6
768.134 -46587.7
764.723 -47139.9
763.967 -47051.5
765.266 -46755.7
763.997 -46737.7
761.687 -47065.5
760.349 -47155.9
758.415 -47659.2
757.067 -47921.2
755.189 -48751.1
753.157 -49025.6
753.632 -48753.2
752.744 -48683.7
750.645 -49030.7
750.244 -48894.1
748.321 -49262
748.339 -50162.9
746.558 -50257.9
746.366 -49990.9
744.486 -50114.4
744.555 -50679.9
747.842 -51066.1
746.92 -51154.9
746.467 -51463.2
746.108 -51835.8
744.771 -51760.9
743.553 -51716.5
742.277 -52019.4
743.564 -52330.6
750.279 -51870.8
754.786 -51397.2
762.923 -50324.4
778.653 -48069.5
783.752 -47563.6
780.959 -48107.2
776.948 -48748.4
774.562 -49088.3
774.228 -49030.8
769.957 -49709
769.342 -49995.7
768.878 -50249.2
766.951 -50498.2
769.518 -50414.9
778.931 -49003.3
778.638 -49151.7
778.806 -49268.3
780.272 -49156.9
780.96 -49197.6
779.67 -49472.9
778.1 -49728
782.383 -49173.1
787.339 -48220.6
800.604 -45346.2
827.634 -38988.3
847.633 -34246.1
860.441 -31252.2
882.001 -26130.6
907.545 -20040.5
919.55 -17405.6
918.032 -17830
914.955 -18504.7
913.195 -18976.5
924.837 -16435.3
945.567 -11599.7
941.597 -12526.5
952.71 -10313.8
949.156 -11037.3
945.163 -11933.6
947.458 -11561.2
957.183 -9739.28
957.417 -9865.12
956.086 -10118.5
963.147 -9246.33
959.032 -10072
957.266 -10288
954.712 -10633.6
952.148 -11226.5
950.263 -11650.6
949.179 -11988.9
955.854 -10994.5
958.891 -10666.3
955.548 -11226.8
963.769 -10004.1
961.252 -10516.5
958.381 -11289.2
957.654 -11332.2
952.65 -12220
951.988 -12209.9
947.717 -13092
953.305 -12466.6
951.042 -12849.9
958.893 -11623.9
966.662 -10000.7
969.082 -9560.31
982.865 -6506.94
988.175 -5412.61
989.275 -5285.56
