0.0612827 -590.135
0.25887 -697.796
0.446771 -578.248
0.68769 -430.972
0.764475 -494.816
0.459997 -300.303
999.533 -605.806
998.408 -965.276
998.083 -889.588
998.367 -746.847
998.712 -903.016
998.575 -768.752
998.721 -662.995
999.161 -516.095
998.164 -664.694
997.664 -731.465
996.871 -880.005
997.034 -831.094
996.381 -670.111
996.705 -582.328
996.627 -758.168
997.196 -546.552
997.472 -451.252
997.649 -593.662
998.11 -471.935
997.709 -335.105
996.528 -464.021
995.954 -757.491
996.862 -1165.77
998.483 -1373.13
0.378463 -1400.19
5.6527 -984.839
5.24399 -1050.71
5.54634 -1058.4
5.50164 -1124.43
5.40205 -1020.71
7.26316 -1015.85
9.57695 -848.819
11.1542 -1161.37
10.5798 -1390.43
9.83155 -1434.1
9.80997 -1366.06
9.35 -1183.65
9.5496 -1224.05
9.67992 -1067.69
10.0745 -1121.83
9.94574 -1289.13
10.3886 -1282.39
10.7953 -1289.22
10.3762 -1142.3
9.97958 -940.729
10.4385 -1072.08
10.3918 -997.381
9.06684 -1100.68
11.5827 -1450.19
14.4131 -1222.59
14.8601 -1291.31
15.0238 -1281.4
14.8209 -1237.34
16.5014 -1209.45
20.2611 -891.537
24.3971 -537.053
25.3593 -491.003
25.8733 -533.667
25.869 -491.199
28.7146 -307.29
29.6975 -259.215
34.4157 151.841
36.0717 179.72
35.9991 210.815
35.9561 244.781
37.9319 303.743
39.9012 447.661
43.7693 630.885
45.8486 94.2437
45.8021 -96.7146
44.7947 -52.5418
45.0291 -120.196
45.4164 -99.5049
44.6871 192.809
44.7565 96.7118
45.2051 127.314
45.1961 -13.3185
45.1145 238.409
44.1006 387.523
44.0836 319.612
44.5305 274.654
43.7594 273.189
45.4343 -374.773
46.4701 -859.009
46.6027 -818.881
46.0654 -774.867
45.9487 -823.179
46.0403 -626.449
46.2386 -729.651
46.4397 -1310.73
46.3173 -1448
45.6868 -1784.97
45.4354 -1735.71
45.1322 -1428.14
45.3334 -1543.64
45.5299 -1639.99
45.7176 -1437.35
45.5286 -1275.73
45.9495 -1497.36
45.5878 -1202.4
45.5368 -1088.35
44.4435 -1643.87
44.2135 -2064.94
44.0248 -2024.33
43.6752 -2076.27
43.3024 -2005.55
43.51 -1976.58
42.9969 -2176.11
41.898 -2156.88
40.7449 -1782.24
41.0971 -1828.04
41.52 -1688.33
41.5727 -2022.08
42.175 -2066.26
40.9848 -1475.49
39.8865 -1084.97
40.8068 -752.872
41.2133 -939.642
41.1057 -1010.92
41.4935 -1297
41.4949 -1442.39
41.8232 -1644.72
41.7836 -1806.76
42.3187 -1580.71
41.6875 -1174.04
41.598 -785.296
41.5088 -588.485
42.2757 -730.138
42.6936 -794.79
43.3128 -913.03
42.6711 -1009.47
43.0214 -1183.36
42.4216 -1317.31
43.2615 -1387.31
43.5754 -944.16
42.6168 -619.984
40.8037 -560.649
40.0142 -674.908
39.5267 -854.976
39.3596 -1487.89
39.3655 -1407.34
39.3001 -1639.7
40.5221 -2215.64
42.7715 -2698.9
45.8679 -2684.04
45.8054 -2716.81
46.7458 -2683.25
50.7782 -2338.84
51.7256 -2294.22
51.9972 -2315.28
53.2137 -2272.18
53.0501 -2280.18
53.5467 -2307.04
53.654 -2344.08
55.3427 -2227.42
55.8835 -2222.32
57.635 -2099.55
59.7889 -1937.69
62.1017 -1760.38
64.0022 -1704.69
63.8391 -1671.94
63.8098 -1756.25
63.6755 -1710.69
66.1695 -1660.06
65.9825 -1697.85
65.9054 -1656.02
65.8823 -1751.85
68.4258 -1572.86
68.5554 -1607.72
68.6815 -1642.92
70.0781 -1554.65
71.9239 -1704.71
72.2218 -1909.49
72.3911 -2107.54
71.8756 -2232.02
71.9226 -2174.26
71.0348 -2202.7
70.6117 -2052.28
70.6965 -2109.36
70.5196 -1842.66
70.9828 -1852.67
71.1164 -2030.8
71.2071 -2087.65
71.3191 -1841.02
71.8437 -2025.01
71.4551 -1777.98
70.7988 -1733.23
70.2294 -1717.17
70.1358 -1924.04
69.9282 -2175.38
69.9802 -2085.43
69.8314 -2103.56
71.2588 -2422.65
75.2107 -2147.24
78.9699 -1829.37
80.271 -1750.39
81.2116 -1706.43
82.7799 -1601.47
83.61 -1568.25
84.7736 -1615.38
84.3921 -1669.02
84.5476 -1659.91
84.683 -1575.09
84.3695 -1575.36
84.9372 -1723.98
87.1869 -1552.81
87.1793 -1601
88.2178 -1639.25
88.1018 -1587.95
88.1979 -1570.95
90.3337 -1484.26
91.4201 -1613.06
90.7867 -1597.71
90.9831 -1624.94
91.4252 -1538.27
90.8803 -1537.1
90.4942 -1603.45
94.5402 -1492
94.4068 -1450.55
94.1461 -1473.96
95.3106 -1475.12
96.0948 -1446.36
97.5865 -1348.85
97.6054 -1394.47
97.9427 -1409.14
100.003 -1256.4
101.746 -1134.39
104.341 -929.746
104.718 -940.548
106.531 -854.627
106.472 -822.183
108.177 -746.738
111.152 -505.032
113.056 -367.45
115.594 -168.332
116.656 -112.588
119.195 86.7605
121.249 238.934
124.051 463.696
125.943 600.121
128.842 834.395
129.776 877.766
130.943 943.707
134.702 1261.53
136.281 1228.95
136.631 1129.86
137.207 870.414
136.889 687.384
136.485 581.85
135.615 724.875
135.46 827.483
135.746 932.122
135.909 862.555
136.286 806.273
136.282 664.779
136.579 721.919
136.63 882.1
136.632 964.827
135.801 1064.99
135.432 1126.71
135.582 1156.41
134.902 1003.84
134.713 828.535
135.281 616.578
135.681 500.118
138.679 563.679
139.885 333.437
139.949 266.036
139.795 236.412
138.523 -7.01665
138.677 26.9427
138.283 201.879
138.551 210.247
138.842 67.8317
139.25 8.34419
139.256 149.712
139.495 102.305
139.184 270.799
138.507 358.597
138.798 308.371
138.171 335.382
137.82 334.715
137.659 147.575
140.156 -106.487
140.824 -89.0292
142.424 19.0501
144.838 206.2
146.536 323.695
147.913 410.11
148.663 435.544
152.763 786.528
155.263 982.037
156.417 1046.68
158.387 1010.39
158.128 705.075
158.114 867.092
158.426 662
158.326 847.533
158.482 869.013
158.054 971.174
157.831 880.029
158.158 528.778
157.88 275.092
157.176 411.982
156.913 598.355
157.499 452.821
157.762 420.52
157.957 390.577
157.269 585.461
157.148 737.09
157.369 706.86
157.263 794.248
156.609 612.867
156.982 314.261
158.539 209.039
159.688 273.175
160.316 244.022
160.273 277.934
160.594 218.939
164.908 501.156
164.757 494.388
164.451 506.745
164.568 483.697
165.551 463.378
169.59 808.4
169.83 784.299
170.083 761.449
172.544 953.166
172.723 861.397
172.879 870.485
172.669 904.975
174.941 965.134
175.384 830.176
176.135 275.135
175.51 306.796
175.852 386.613
176.072 320.768
176.301 397.303
175.11 333.049
174.367 481.71
174.758 299.489
174.651 642.085
174.861 516.601
175.106 699.825
175.281 541.805
175.486 479.162
175.346 657.198
174.225 627.127
173.792 484.035
174.025 615.335
174.197 307.374
174.404 174.062
174.716 -124.275
174.689 -72.8793
174.499 -2.63685
174.37 54.445
174.237 -25.508
174.098 -22.4886
176.781 -126.794
178.48 -357.548
178.444 -512.457
178.251 -645.271
178.047 -774.65
177.194 -777.646
177.587 -802.929
177.035 -688.61
177.062 -545.353
177.471 -584.03
177.261 -413.05
177.642 -424.592
177.84 -630.684
177.846 -413.594
176.32 -468.076
176.255 -391.261
176.602 -432.365
176.853 -364.181
176.409 -712.389
176.265 -678.045
176.241 -837.335
176.126 -856.527
178.097 -1022.15
178.809 -1050.27
179.032 -1058.35
178.955 -999.039
179.062 -1118.2
180.189 -1056.1
184.095 -723.9
187.621 -428.73
187.718 -466.737
188.417 -446.249
189.022 -434.955
190.347 -353.671
190.637 -372.944
191.245 -408.51
191.186 -367.231
191.32 -448.872
194.511 -186.199
198.232 127.94
199.879 219.763
200.217 154.353
200.353 -280.906
199.883 -105.086
200.07 -15.1547
200.066 -134.286
200.389 -218.904
200.485 -117.197
200.522 -62.4946
200.099 93.0971
199.66 93.5921
199.535 -230.881
199.561 -136.779
199.41 -125.165
200.2 -474.617
199.86 -437.55
199.868 -381.02
200.678 -488.481
202.485 -422.058
202.718 -405.507
202.36 -385.388
205.808 -179.787
205.768 -231.127
206.709 -221.313
206.578 -213.093
206.864 -328.836
206.602 -339.017
206.76 -310.956
208.829 -218.337
211.177 -47.9919
211.173 -132.704
211.095 -82.9078
211.532 -145.474
213.248 -151.012
212.986 -121.548
213.173 -105.849
212.848 -82.599
214.168 -126.576
214.241 -177.275
214.184 -209.562
217.639 8.30712
219.309 -447.473
218.569 -626.701
218.218 -551.321
218.458 -548.787
217.459 -451.656
217.078 -297.783
217.433 -327.773
217.887 -249.346
217.963 -356.46
218.21 -447.928
218.73 -480.585
218.525 -345.54
218.7 -249.342
217.974 -162.45
216.717 -173.254
217.47 -201.768
217.044 -151.318
217.021 -605.411
216.922 -539.471
220.126 -638.916
224.984 -214.269
226.735 -134.421
226.693 -100.347
228.813 -29.0675
228.716 -73.8637
228.532 -29.7217
232.064 143.859
231.938 174.479
232.786 105.458
233.079 -47.6943
232.741 -185.075
232.331 -55.3127
232.465 -6.27711
232.693 -88.4268
232.807 -24.2158
232.497 97.1536
232.306 -158.375
233.724 -282.168
233.906 -270.494
233.318 -230.323
233.57 -224.833
234.091 -325.779
236.366 -152.141
236.833 -154.197
239.124 21.0159
240.974 153.329
245.553 550.857
248.106 751.51
249.119 802.54
252.728 1066.55
252.557 1080.93
255.922 1321.29
258.081 1161.48
258.171 1285.95
258.224 1200.86
258.253 1107.11
257.754 1306.5
258.242 994.122
258.906 658.063
257.085 501.403
256.637 666.173
256.814 889.928
257.004 730.316
257.355 610.73
257.295 507.593
257.712 422.902
257.831 537.703
258.111 575.104
258.394 686.989
258.669 708.304
258.025 767.844
257.134 857.379
257.457 966.939
257.521 901.397
256.882 1021.25
255.916 920.479
256.289 981.407
255.927 783.633
258.66 295.804
259.543 158.258
259.375 209.835
259.813 -186.86
259.555 -124.284
258.768 -56.18
258.57 19.1571
259.099 -84.9286
258.877 76.2274
258.741 174.821
259.265 -19.2742
259.268 70.4604
258.32 116.478
259.331 -236.158
259.525 -376.755
259.354 -357.849
259.175 -419.111
258.984 -388.318
259.063 -339.021
259.184 -523.715
260.972 -418.196
262.624 -305.087
264.578 -315.119
264.485 -509.792
264.147 -491.123
264.439 -444.385
263.624 -488.575
263.618 -352.519
263.601 -408.909
264.211 -387.924
263.869 -348.479
263.548 -565.034
267.12 -390.108
267.943 -496.056
268.097 -474.786
267.629 -547.526
267.824 -522.55
267.649 -435.986
267.447 -515.433
267.636 -641.005
268.521 -633.57
268.939 -640.416
270.85 -502.142
272.249 -495.604
271.927 -498.352
271.908 -453.691
273.51 -433.471
277.438 -99.2094
278.992 4.41249
281.916 241.046
283.126 311.228
286.457 587.452
290.422 491.412
291.605 113.596
292.496 -309.384
292.087 -421.316
291.582 -497.523
290.113 -618.706
290.826 -535.899
291.09 -554.722
289.262 -555.587
289.503 -596.742
288.318 -221.077
288.98 -236.963
288.815 -337.058
289.479 -480.277
289.707 -370.697
290.213 -468.917
290.013 -273.135
290.775 -328.873
288.856 -13.1424
289.199 197.21
289.229 59.4779
289.289 -67.8265
290.491 -177.005
290.032 -46.3776
289.951 89.7722
289.903 208.812
290.054 229.351
288.813 247.836
287.121 -97.0232
286.725 -44.5909
287.04 44.4874
287.382 40.556
287.545 -23.7147
287.794 129.876
287.252 167.221
285.921 -222.51
285.622 -215.98
286.019 -116.872
285.679 -133.287
287.32 -718.005
287.354 -659.721
288.088 -818.434
289.264 -1066.83
289.137 -1061.95
290.797 -1094.89
291.074 -1125.88
293.874 -1261.59
293.725 -1366.81
292.94 -1249.31
293.257 -1294.06
292.773 -1140.92
293.044 -1150.86
293.254 -1076.91
293.392 -1214.32
293.637 -1168.76
292.595 -1126.27
293.381 -1457.12
293.296 -1399.54
294.236 -1456.17
296.453 -1288.19
297.457 -1544.8
296.875 -1512.01
297.16 -1539.6
297.326 -1444.27
297.584 -1399
297.083 -1384.87
296.777 -1437.11
296.266 -1485.7
296.402 -1509.93
299.383 -1477.93
304.316 -1394.76
303.997 -1366.53
304.143 -1409.56
304.289 -1599.54
304.493 -1799.91
304.42 -1894.86
303.567 -1908.87
304.04 -1895.73
303.197 -1881.67
303.097 -1833.89
302.79 -1764.08
302.165 -1748.94
302.221 -1552.01
302.233 -1641.29
302.703 -1452.13
303.018 -1493.28
303.301 -1538.94
303.071 -1661.59
303.357 -1778.55
303.78 -1630.84
302.494 -1391.48
301.797 -1790.75
303.162 -2146.73
303.073 -2091.7
303.352 -2227.67
305.411 -2125.89
308.187 -1903.58
308.391 -1931.22
308.777 -1941.13
310.24 -1846.39
313.777 -1550.12
317.225 -1262.55
317.356 -1297.26
317.324 -1347.78
319.681 -1166.22
320.226 -1160.69
322.41 -995.862
324.616 -828.92
324.646 -873.478
325.419 -845.84
328.054 -691.032
327.82 -724.576
327.941 -672.045
329.304 -658.073
333.116 -384.783
333.304 -470.525
333.258 -560.015
332.869 -570.251
332.721 -466.61
332.97 -533.382
332.926 -419.36
333.295 -649.893
334.453 -662.12
334.467 -588.311
334.624 -658.293
334.334 -708.644
336.562 -569.576
338.128 -795.825
337.888 -796.217
337.489 -885.957
336.967 -752.545
337.343 -667.784
337.177 -761.6
337.451 -788.178
337.595 -635.368
336.727 -762.192
337.398 -1140.44
337.475 -1059.27
336.969 -1075.97
337.135 -1084.41
337.004 -989.98
336.73 -969.232
339.657 -1028.07
341.952 -872.209
341.806 -894.454
342.007 -942.003
342.319 -969.589
342.364 -1041.49
342.178 -1018.18
342.438 -1089.95
344.488 -938.178
345.897 -848.683
348.051 -753.749
347.832 -773.049
347.872 -714.728
348.175 -817.148
351.741 -518.085
353.998 -433.944
353.607 -484.905
353.978 -566.568
353.806 -474.171
353.348 -458.904
353.757 -688.856
353.479 -623.505
353.634 -598.355
353.78 -746.968
359.753 -213.999
362.629 18.0818
363.742 78.8216
364.587 74.2321
364.449 91.8305
365.55 112.124
367.607 264.547
368.391 293.337
370.208 362.843
370.447 366.053
370.262 424.497
371.079 364.689
373.967 597.947
376.8 745.011
376.801 805.331
376.569 762.271
378.178 817.383
381.885 1130.14
382.114 1027.96
381.842 1029.1
381.967 1074.77
383.942 1140.19
387.744 1462.23
388.208 1459.93
388.542 1444.9
391.939 1309.86
391.591 1128.09
390.404 1198.21
390.249 1316
390.789 1372.96
390.859 1221.99
390.735 1156.84
390.943 1123.46
391.056 1308.73
391.336 1260.17
391.299 1395.87
390.285 1420.95
390.517 1427.11
389.968 1441.8
389.859 1172.54
391.556 978.64
392.976 1069.11
393.778 1079.89
393.606 1055.09
394.054 1031.52
394.593 964.251
394.328 945.727
394.375 999.743
394.419 887.606
395.081 894.051
395.496 886.931
397.168 1002.03
398.46 1037.32
398.275 1057.48
400.914 1223.71
403.805 1457.18
406.194 1641.85
412.47 2204.37
414.007 2286.61
413.889 2267.06
414.687 2277.48
415.038 2264.07
416.312 2340.48
417.941 2451.34
421.088 2709.64
421.853 2516.97
421.236 2479.18
421.328 2567.65
421.535 2583.3
421.694 2531.77
421.564 2660.77
421.08 2559.36
422.609 2431.35
422.715 2466.54
422.683 2359.03
425.68 2196.43
427.25 1705.86
426.763 819.453
425.741 1250.08
426.095 1326.38
425.888 1144.58
425.881 973.337
426.344 985.834
426.202 796.606
426.234 1457.45
426.48 1517.53
426.773 1272.78
427.076 1104.05
426.819 1068.32
426.467 1571.88
425.678 1886.42
426.036 1869.45
426.377 1730.02
426.573 1767
425.279 1980.82
425.097 1872.17
425.064 803.944
424.21 318.637
423.605 526.185
423.25 693.876
423.851 1014.26
423.819 867.683
424.316 1030.59
424.389 699.783
424.1 575.69
424.522 516.495
424.433 917.631
424.819 1128.94
424.694 1316.74
424.469 1444.7
423.434 1103.47
423.447 1051.36
423.144 1101.8
422.611 966.67
422.359 953.464
421.475 966.402
421.208 1171.84
421.965 1185.86
421.733 1105.09
421.546 893.92
421.919 937.555
422.449 1150.77
421.723 1346.69
422.306 1356.38
422.299 1418.11
421.438 1398.03
420.855 1032.39
421.475 503.828
421.783 342.913
421.541 395.79
422.611 94.0133
422.848 -342.661
422.345 -155.264
422.431 -23.1416
422.821 -255.967
422.624 -254.34
422.742 -140.121
422.288 49.5609
421.97 -44.8301
422.455 -355.355
423.16 -498.18
423.11 -550.476
424.184 -617.984
426.609 -502.44
426.786 -532.632
427.039 -555.553
428.973 -449.199
428.771 -447.956
429.621 -446.968
431.865 -346.824
431.765 -301.051
431.678 -351.383
433.043 -304.22
433.329 -363.084
433.082 -356.133
433.476 -404.532
435.494 -255.837
436.952 -161.578
439.012 -8.8326
439.757 16.0481
441.171 106.014
442.428 63.7306
442.218 142.658
442.418 134.095
442.215 55.7261
443.951 138.988
445.945 285.249
445.93 236.348
446.057 201.249
446.589 205.52
449.085 360.205
449.408 68.7739
449.052 111.952
449.786 116.372
449.533 122.06
448.619 154.738
449.009 190.392
449.325 177.303
449.038 246.288
448.414 210.058
448.668 39.1242
452.748 234.632
455.766 480.466
456.825 535.917
457.916 594.478
458.656 618.908
460.876 787.196
461.373 788.125
462.217 776.084
462.228 822.825
462.358 741.504
465.505 999.862
466.273 1027.01
468.302 1176.7
474.022 1685.16
475.714 1802.13
476.847 1722.91
476.488 1660.29
476.508 1721.09
476.631 1762.9
476.147 1726.06
476.167 1660.81
478.607 1713.09
478.492 1581.27
478.406 1637.61
478.706 1581.13
478.347 1701.99
478.479 1521.13
481.061 1704.89
481.682 1717.78
484.199 1842.34
487.775 1545.11
487.93 1449.43
488.351 1166.4
487.965 1017.12
488.063 952.635
487.738 1065.62
487.664 1166.04
488.195 1104.64
487.674 866.047
487.573 748.9
488.326 386.307
488.159 112.41
488.296 -29.0461
487.07 -122.495
485.549 -28.1669
486.338 -110.193
485.921 -38.5143
484.531 74.1943
483.9 340.235
484.45 204.147
483.534 680.919
484.019 728.997
484.178 512.934
484.661 387.647
484.567 266.425
485.835 114.729
486.143 81.3451
485.331 392.836
484.475 696.723
484.454 921.855
484.912 688.996
484.439 1108.15
484.536 1265.45
484.877 1169.64
485.072 954.088
485.738 560.735
486.218 479.271
486.139 301.301
486.725 289.781
486.148 685.947
485.51 965.943
485.996 1097.98
486.091 969.549
485.434 1228.48
484.28 1450.79
484.627 1392.31
485.35 1325.4
482.883 1284.27
482.748 1128.51
482.436 1067.77
481.825 913.868
481.419 822.269
481.952 624.136
481.876 516.674
483.448 -40.1504
486.393 -469.015
488.497 -493.013
488.127 -570.574
488.367 -518.709
488.228 -452.117
487.932 -578.6
487.929 -516.145
488.813 -665.303
488.665 -648.701
489.174 -685.931
489.981 -654.911
491.41 -563.539
492.095 -544.356
493.24 -480.586
495.955 -307.02
495.784 -285.486
499.763 10.9733
500.563 -195.118
499.963 -156.752
500.365 -94.1814
500.564 -112.206
500.798 -179.304
500.354 -35.0183
499.97 -77.8918
500.526 -284.08
502.728 -438.033
502.239 -543.822
502.457 -567.192
502.536 -409.4
501.495 -629.737
501.281 -465.325
501.262 -584.722
501.781 -529.847
501.973 -599.865
501.614 -441.609
501.858 -388.689
500.982 -444.392
500.985 -627.598
501.622 -845.622
501.641 -791.531
503.068 -806.652
505.915 -577.41
506.919 -527.38
507.233 -583.469
507.018 -573.398
507.555 -607.857
508.629 -550.928
508.946 -606.825
508.802 -589.833
509.196 -638.236
510.399 -568.792
513.031 -360.422
514.818 -234.242
517.691 -2.448
519.997 174.18
523.053 423.716
526.524 666.216
526.358 635.462
526.243 653.244
530.574 964.763
532.363 909.109
532.325 985.72
532.111 869.479
531.819 887.587
532.018 912.03
532.004 994.676
531.671 855.996
532.034 737.444
536.793 1142.09
538.318 1242.84
538.666 1188.8
538.44 1074.98
538.73 1091.87
538.574 1124.5
538.348 1135.77
538.91 1015.68
540.075 1062.53
540.185 1063.53
540.342 1012.44
543.005 1223.8
544.864 1357
549.472 1757.36
551.681 1924.57
552.938 1999.33
555.26 1881.25
554.979 1937.69
555.038 1845.99
555.11 2015.88
554.561 1807.58
554.732 1830.07
554.357 1854.33
554.557 1923.66
554.288 1933.21
554.05 1872.39
554.758 1586.07
554.563 1475.4
554.35 1584.75
554.613 1531.49
554.477 1643.16
554.592 1383.47
554.448 1418.87
555.674 1411.06
556 1395.26
558.488 1589.58
560.174 1706.01
562.734 1043.72
562.235 1234.82
562.363 1031.13
562.277 1417.53
562.536 1404.34
562.613 1200.45
562.915 1280.64
562.127 1511.97
561.875 1450.06
561.643 1199.08
561.534 1264.77
561.508 1401.29
561.68 1350.67
562.281 586.647
561.235 333.13
561.436 334.27
560.905 552.906
560.802 696.126
561.039 798.319
561.366 804.143
561.226 790.386
561.28 488.403
561.575 509.539
561.853 647.183
561.507 937.712
559.757 895.017
559.925 1004.67
559.992 632.77
560.022 860.664
560.254 821.61
560.398 1012.02
560.533 1102.96
559.912 388.394
559.713 183.019
559.941 291.442
559.575 362.263
559.359 517.062
559.571 466.983
559.329 216.741
563.601 140.952
567.533 475.612
571.224 786.921
571.977 812.631
574.846 1043.97
575.557 1065.66
576.087 1069.71
578.96 1301.43
578.951 1253.11
581.73 1475.74
584.271 1456.14
584.497 1489.44
583.919 1323.17
583.901 1375.4
583.65 1485.37
583.632 1545.75
583.917 1479.59
583.975 1562.18
583.518 1344.34
586.2 1394.09
587.81 1169.86
588.136 762.359
587.226 788.648
587.463 835.639
587.869 876.098
587.779 772.048
588.229 865.583
586.494 831.181
585.625 779.8
585.984 820.971
585.654 1026.55
585.648 931.996
586.456 1075.71
586.911 1065.94
586.858 957.344
586.711 875.747
587.547 999.736
586.612 1113.42
586.243 1173.01
585.366 1024.22
584.983 919.164
584.805 885.844
587.384 500.821
588.586 528.613
591.711 735.16
592.119 381.156
591.905 463.663
592.082 474.829
591.431 621.842
591.636 589.215
592.219 506.062
591.961 614.94
591.471 706.435
591.158 573.162
591.629 406.054
593.481 434.966
596.326 663.922
597.605 474.265
597.823 279.382
597.592 168.909
596.953 114.964
596.324 266.49
596.584 430.891
596.757 357.01
596.707 207.317
597.094 206.205
597.275 341.891
597.229 244.169
596.968 496.398
596.235 507.414
596.147 337.909
596.884 -79.2295
597.68 -416.959
596.91 -523.819
596.256 -282.539
596.219 -150.72
596.671 -408.53
596.708 -453.005
597.208 -442.731
596.916 -320.737
596.732 -259.032
596.543 -115.621
596.621 -83.125
595.907 -46.7447
595.736 -246.53
600.014 -353.721
605.608 142.393
608.305 317.692
608.981 134.727
608.854 168.757
608.546 166.17
608.569 219.626
607.833 185.408
608.173 165.064
608.044 244.325
608.722 28.4139
608.902 -38.8274
608.988 -24.1954
609.137 -84.0401
611.7 -174.557
611.209 -43.4966
611.354 -126.986
611.63 -129.152
611.696 -56.2523
611.516 -9.65243
611.034 26.14
610.869 -125.676
611.748 -357.873
611.695 -287.855
611.596 -339.327
612.013 -480.416
611.771 -490.623
611.569 -472.476
611.446 -418.417
611.824 -571.778
612.984 -608.607
612.911 -567.655
612.53 -567.938
615.404 -423.992
617.563 -571.802
617.442 -534.469
617.476 -480.039
616.663 -655.444
616.95 -716.909
616.394 -594.779
616.772 -506.734
616.958 -535.556
617.033 -592.159
616.593 -467.097
616.194 -559.377
616.873 -819.565
620.326 -562.599
624 -397.462
624.031 -586.673
623.609 -601.979
623.456 -531.674
623.571 -462.946
623.831 -432.898
623.851 -529.909
623.024 -575.638
622.966 -519.824
622.885 -490.266
625.508 -758.511
625.141 -788.987
625.311 -749.633
624.854 -783.844
625.111 -719.421
624.78 -704.367
624.74 -860.465
629.709 -695.643
629.131 -801.404
629.445 -769.906
628.713 -716.196
628.976 -690.453
629.356 -711.915
628.832 -641.757
628.728 -804.756
631.627 -698.065
633.06 -606.274
634.841 -480.613
638.227 -219.785
639.262 -405.51
639.355 -753.017
639.131 -708.486
638.916 -557.758
638.496 -414.857
638.849 -418.758
638.772 -501.288
639.168 -572.832
638.361 -364.264
638.815 -990.01
638.444 -690.789
638.625 -856.218
638.84 -899.429
638.642 -677.951
638.655 -1033.36
639.795 -1340.34
639.829 -1512.35
639.438 -1612.82
639.696 -1602.07
639.02 -1720.07
638.711 -1684.2
638.375 -1706.65
638.131 -1672.62
637.31 -1508.72
637.408 -1571.48
637.105 -1210.57
637.116 -1289.16
637.353 -1294.75
637.617 -1341.8
638.038 -1310.53
637.465 -992.684
637.709 -1068.35
638.41 -1362.1
638.781 -1454.21
639.091 -1466.43
638.449 -1175.32
637.102 -942.819
636.477 -1322.21
638.614 -1960.11
638.95 -1985.35
639.637 -2007.49
640.363 -1984.4
641.685 -1903.36
642.582 -1863.61
644.118 -1761.86
645.107 -1713.16
648.849 -1396.97
650.651 -1269.3
651.121 -1271.13
651.682 -1264.06
654.662 -1021.84
656.504 -890.35
660.032 -594.885
660.441 -602.683
666.299 -80.8199
667.832 -142.379
667.433 -255.925
667.173 -179.845
667.45 -186.765
667.564 -115.923
667.187 -90.4474
666.911 -198.289
671.518 46.8027
675.596 395.623
676.242 270.081
676.243 334.115
675.916 308.406
675.837 345.452
675.988 226.495
677.32 239.235
677.076 246.503
680.364 479.312
684.319 529.994
685.001 93.107
684.061 79.9136
684.174 59.8296
684.856 125.34
684.06 140.665
682.405 79.5007
682.531 203.382
682.901 387.243
683.063 298.878
682.685 122.196
683.671 317.22
683.303 147.875
683.764 212.94
683.881 369.112
684.147 369.196
683.313 466.934
682.529 456.609
681.835 210.598
681.989 247.103
681.595 174.678
683.651 -174.665
685.046 -230.583
684.906 -364.772
684.512 -319.602
684.85 -284.253
685.022 -341.796
684.456 -246.629
686.272 -350.232
686.113 -357.8
686.848 -361.48
687.042 -390.083
688.577 -288.432
688.981 -296.609
689.405 -384.776
689.586 -441.672
689.342 -330.877
689.765 -561.938
689.511 -555.755
689.333 -507.922
689.129 -439.012
689.068 -539.275
692.572 -374.705
696.747 -16.3845
698.883 143.733
700.467 250.195
701.72 324.504
702.966 157.644
702.802 348.051
703.115 244.075
703.228 255.934
702.709 194.9
702.797 232.081
702.979 -67.8604
702.799 -43.1403
702.643 -3.08303
702.741 56.719
702.311 -98.3664
702.541 -72.5801
702.315 16.7226
705.042 -87.4505
705.45 -595.106
705.185 -509.385
705.188 -417.14
704.598 -320.383
705.023 -243.074
704.869 -306.497
705.345 -325.206
705.568 -451.362
705.482 -376.342
704.44 -215.068
704.147 -390.612
704.09 -333.399
703.911 -464.114
704.856 -708.659
704.648 -703.646
704.708 -622.505
705.031 -803.942
705.488 -827.688
707.245 -704.397
708.659 -614.523
713.511 -190.392
717.174 118.114
720.441 388.107
723.018 591.077
724.299 625.316
724.05 639.321
726.591 796.006
727.462 802.019
729.235 685.373
729.749 488.898
729.639 532.965
729.468 564.128
730.033 120.064
728.816 -56.9911
728.482 14.2771
728.066 33.4923
727.271 115.424
727.44 229.473
727.618 312.263
728.257 257.303
728.321 180.132
728.743 93.0172
729.589 129.754
729.293 -23.1349
729.546 56.1655
729.558 288.18
728.697 343.209
728.17 394.453
728.287 458.88
726.817 429.91
727.116 429.089
726.815 333.114
727.608 492.388
726.446 251.917
727.422 -130.74
733.997 139.607
736.726 357.411
738.6 492.054
739.102 493.394
739.102 445.952
741.861 666.633
743.569 757.473
743.408 749.671
744.04 697.962
744.119 617.828
743.921 639.937
743.724 668.973
745.722 709.688
746.019 691.044
749.629 831.563
749.637 769.098
750.039 544.735
749.509 480.689
748.701 509.67
748.437 598.322
748.966 646.229
749.169 691.819
749.366 534.877
749.595 528.997
749.375 637.082
748.606 712.126
748.343 741.368
748.04 658.59
749.967 362.917
751.837 497.203
753.197 581.942
754.073 619.656
762.12 1354.13
763.896 1437.82
765.751 1164.5
765.646 1138.01
765.682 1041.45
765.286 916.285
765.458 974.131
764.73 780.13
764.255 787.92
764.638 942.48
764.96 816.636
764.767 891.359
763.637 653.29
763.242 702.815
763.21 782.797
762.786 965.066
763.16 990.511
762.986 869.792
763.513 1050.68
763.74 1134.84
763.994 1042.04
763.749 785.245
764.032 893.3
763.955 1184.33
762.549 972.931
764.062 439.64
765.594 458.01
765.803 430.867
767.381 536.769
769.242 670.183
771.589 582.682
771.634 433.797
771.159 319.94
771.394 347.727
770.635 320.594
770.13 349.947
770.156 498.941
770.577 517.327
770.452 427.976
770.72 605.872
770.922 436.061
771.158 550.502
770.1 598.534
769.79 454.237
772.03 229.347
774.809 451.967
777.101 556.788
777.475 506.345
778.438 274.295
778.127 219.237
777.908 118.695
777.204 26.7025
776.477 169.167
777.151 165.424
777.145 81.1676
777.612 161.424
777.645 254.851
777.126 291.415
777.135 342.023
776.134 283.531
776.399 345.932
776.653 325.298
775.968 183.436
778.371 -83.66
778.201 -92.3028
778.422 -145.964
781.137 70.4413
782.719 137.6
782.485 145.751
783.338 142.045
786.771 428.184
788.859 583.671
790.679 239.924
789.634 332.177
789.739 269.198
790.352 377.358
790.125 253.349
790.524 285.377
790.618 417.313
790.551 471.386
790.068 502.202
789.605 486.697
789.097 400.324
789.379 436.76
789.283 204.972
792.126 236.818
796.558 443.144
797.943 -46.7261
796.917 -133.843
797.27 -130.634
796.636 -84.1876
795.643 -44.8249
795.188 82.9796
795.044 204.485
795.598 290.631
795.888 272.467
796.262 147.462
796.03 100.055
796.528 5.24138
796.884 34.9377
797.302 35.3678
797.559 74.9411
797.214 197.617
796.485 264.046
796.082 344.126
795.032 285.082
794.749 5.06717
795.673 -230.182
799.015 -185.054
800.95 -44.4617
801.798 -40.6844
803.256 -424.836
803.192 -367.717
803.125 -302.649
802.968 -478.01
803.113 -717.253
802.403 -835.436
801.862 -813.202
801.493 -696.665
800.895 -474.409
801.413 -436.116
801.43 -497.13
801.528 -550.479
801.92 -406.092
802.256 -616.838
802.177 -711.388
802.394 -700.737
802.348 -403.957
802.236 -315.733
802.352 -241.977
801.364 -249.273
800.806 -385.8
802.143 -968.029
802.034 -976.333
803.241 -1008.09
806.617 -772.021
806.519 -816.934
806.379 -768.524
808.055 -730.153
811.154 -537.553
811.205 -909.069
811.095 -784.362
811.37 -882.061
811.35 -722.633
811.649 -734.037
811.05 -657.11
810.894 -583.509
810.623 -687.747
810.865 -900.007
810.67 -828.599
810.702 -1046.03
810.59 -933.887
810.512 -1017.02
813.72 -1000.53
813.479 -1062.31
813.222 -1052.71
813.32 -1010.1
813.312 -955.805
815.312 -973.89
816.269 -928.361
816.355 -967.421
817.161 -936.542
817.406 -960.25
819.616 -792.911
822.61 -549.351
826.833 -186.447
829.325 -181.139
829.361 -109.44
829.1 -284.213
828.807 -184.854
829.123 -225.648
828.967 -137.638
828.549 -156.255
829.149 -508.581
829.034 -488.811
828.941 -435.357
828.835 -386.794
828.709 -322.575
830.506 -446.351
832.536 -296.578
833.468 -253.435
834.199 -229.856
834.64 -244.805
834.786 -306.922
834.574 -286.225
837.302 -118.136
840.282 124.066
843.079 348.424
846.369 592.96
846.192 583.742
847.688 653.988
848.216 657.765
848.791 619.657
848.551 642.026
849.574 647.435
854.197 1049.2
856.539 1084.93
856.317 1052.12
856.032 1143.51
856.262 1149.44
856.471 1137.99
858.537 1186.29
859.764 1223.93
859.519 1220.98
860.241 1127.49
859.843 1135.76
859.961 1157.1
861.284 1168.5
862.765 1265.04
865.475 1480.9
868.125 1691.03
868.145 1645.47
869.837 1762.46
874.213 1809.62
875.68 893.635
875.259 1127.19
875.212 1300.4
875.272 933.093
875.07 1397.84
875.635 1324.18
875.714 1123.15
875.959 1034.66
875.89 1292.07
875.226 1579.99
875.626 1450.3
875.018 1536.84
874.728 1032.71
874.928 626.91
874.557 480.221
873.677 514.72
874.083 454.231
874.096 555.271
873.586 652.12
872.875 606.322
874.205 617.004
873.897 709.347
871.927 570.31
871.238 702.368
871.616 838.133
871.962 812.972
872.309 762.829
872.025 708.378
873.149 768.789
873.142 1091.88
872.9 987.913
873.269 991.17
872.733 1184.32
872.78 1128.87
871.005 896.573
870.027 936.657
870.659 1002.3
870.744 922.48
871.619 1051.76
871.191 1093.25
870.903 1124.83
869.785 998.968
870.66 1144.71
869.831 1061.7
869.967 495.366
872.101 104.705
874.76 -36.7728
875.795 -138.538
875.397 -175.002
875.482 -206.49
875.416 -76.8515
875.569 -75.7037
875.125 -134.059
876.399 -209.638
877.769 -163.189
877.661 -142.716
879.289 -71.1338
880.901 38.0247
882.903 185.19
884.04 248.18
884.475 243.02
885.117 257.919
887.519 443.923
891.62 768.105
891.775 789.507
892.464 769.145
892.657 766.423
893.704 786.941
893.509 724.838
893.631 742.984
893.825 677.109
895.265 696.729
895.187 757.365
895.121 675.785
895.194 605.362
895.061 590.016
895.836 587.897
896.588 521.755
896.742 513.364
896.427 584.924
896.37 437.249
896.334 489.195
896.92 408.537
901.568 812.72
905.168 1115.15
906.396 807.956
905.719 870.859
906.03 810.016
906.572 854.301
906.159 952.549
906.326 913.845
905.53 908.86
905.398 933.79
905.314 966.588
905.121 968.781
905.242 752.758
905.562 654.532
906.7 647.136
908.776 801.449
909.571 831.275
910.205 845.438
911.921 964.756
916.982 1389.43
916.88 1263.31
917.045 1247.57
917.065 1329.88
916.711 1318.75
920.082 1349.69
919.847 1142.86
920.172 1211.77
919.231 1250.81
919.268 1326.62
919.759 1220.94
919.645 1249.9
919.587 1327.37
919.46 1111.55
922.525 1283.47
927.14 1604.7
928.511 874.666
928.202 895.663
926.941 1093.16
926.894 1241.95
927.099 1076.39
927.289 1007.23
927.592 1183.68
927.475 1055.36
927.936 1031.32
927.221 1400.52
927.415 1400
927.685 1248.48
927.797 1329.07
926.58 1391.14
926.301 1375.6
926.218 1417.99
925.808 1336.27
926.038 1133.4
926.802 886.266
927.713 593.458
927.851 299.838
927.226 379.045
927.377 350.764
927.197 568.939
927.387 542.729
927.505 531.42
927.073 655.76
926.895 493.686
926.934 282.275
926.847 172.212
926.494 197.507
926.707 211.69
926.353 348.432
926.179 484.066
926.432 465.362
928.628 81.6359
928.524 102.449
930.514 209.21
933.263 418.501
933.317 352.502
933.185 370.998
934.444 362.158
934.227 371.951
935.696 428.11
936.59 467.568
938.616 617
938.61 568.935
942.245 874.725
944.902 1085.52
945.935 1138.41
949.152 1403.59
950.284 1466.19
951.381 1525.29
952.794 1615.17
953.751 1660.7
955.407 1774.23
957.868 1965.86
962.638 1871.42
963.345 1391.7
963.395 1210.95
962.004 1106.78
961.51 1148.65
961.175 1183.48
961.315 1255.22
959.662 1364.27
959.563 1652.65
960.309 1763.6
960.175 1695.55
960.428 1632.53
960.372 1557.79
960.424 1490.49
960.144 1347.71
960.66 1381.18
961.227 1352.97
962.177 1183.87
962.103 1268.89
962.127 1477.08
962.087 1544.88
962.598 1429.69
961.749 1733.25
962.042 1734.77
962.273 1741.55
961.551 1896.46
960.61 1856.32
960.036 1837.12
959.72 1865.73
958.999 1597.49
958.836 1416.71
961.27 899.332
962.813 707.135
962.255 640.663
962.573 656.845
962.418 584.396
961.934 640.193
961.926 680.379
961.969 744.284
961.692 727.744
963.43 560.964
965.25 374.352
964.87 326.361
964.836 435.817
965.067 312.1
964.753 543.689
964.751 242.788
964.141 -4.09638
963.613 110.709
963.691 156.443
963.782 333.375
963.989 280.25
964.457 108.841
964.173 119.142
964.539 32.926
964.415 242.54
963.791 386.984
964.873 -105.467
966.831 37.2765
969.402 84.8573
969.165 187.76
969.219 129.942
968.916 143.163
969.68 -101.337
969.386 -58.3966
969.616 -42.1208
968.965 7.56688
969.249 -1.19998
969.831 -145.615
970.607 -239.885
970.625 -172.063
970.289 -234.761
970.327 -165.091
971.02 -267.356
973.262 -96.9748
974.077 -141.827
974.057 -78.3887
974.201 -234.572
973.904 -231.463
973.922 -155.606
974.003 -289.991
974.203 -395.831
974.24 -344.578
974.45 -387.26
975.609 -343.363
976.683 -540.771
976.669 -490.656
975.817 -444.458
975.976 -511.237
976.195 -459.995
976.655 -433.248
976.06 -386.077
976.602 -626.466
979.079 -433.243
980.061 -464.621
980.041 -409.148
979.837 -448.033
980.512 -483.778
980.662 -516.598
982.334 -401.613
983.776 -308.939
984.027 -448.745
984.097 -406.238
983.928 -393.708
983.721 -396.526
986.255 -305.266
987.323 -248.878
987.671 -272.908
987.817 -358.338
987.586 -312.497
987.629 -389.296
989.911 -234.631
993.468 63.5414
995.689 185.341
995.482 210.948
996.857 250.482
997.035 186.185
996.882 192.287
997.241 135.076
998.899 76.7327
0.659713 -116.496
1.19444 -418.809
0.963891 -663.634
0.451888 -793.505
999.684 -886.166
999.694 -680.097
0.182095 -443.723
