0.00628319 0
0.0125664 0.000563964
0.0188496 0.0031086
0.0251327 0.00734958
0.0314159 0.0114072
0.0376991 0.0171684
0.0439823 0.0208808
0.0502655 0.0233559
0.0565487 0.0272064
0.0628319 0.0267105
0.069115 0.0367352
0.0753982 0.0395768
0.0816814 0.0369802
0.0879646 0.0386579
0.0942478 0.0611901
0.100531 0.0500082
0.106814 0.0514905
0.113097 0.0419861
0.119381 0.0745966
0.125664 0.0487243
0.131947 0.0500046
0.13823 0.0426444
0.144513 0.0474723
0.150796 0.0587976
0.15708 0.0408809
0.163363 0.050255
0.169646 0.0816324
0.175929 0.0647512
0.182212 0.0850987
0.188496 0.080757
0.194779 0.0949024
0.201062 0.0672609
0.207345 0.113815
0.213628 0.0540855
0.219911 0.0763604
0.226195 0.0425286
0.232478 0.0553891
0.238761 0.0889613
0.245044 0.0334882
0.251327 0.00945645
0.257611 0.0562732
0.263894 0.0373449
0.270177 0.0862398
0.27646 0.0562253
0.282743 0.0579149
0.289027 0.0629285
0.29531 0.132119
0.301593 0.107985
0.307876 0.00306189
0.314159 0.0360765
0.320442 0.022272
0.326726 0.0498211
0.333009 0.0399675
0.339292 0.0449998
0.345575 0.103186
0.351858 0.0558739
0.358142 0.0365315
0.364425 0.0757002
0.370708 0.0863892
0.376991 0.0177805
0.383274 0.0308389
0.389557 0.0806193
0.395841 0.0444287
0.402124 0.110825
0.408407 0.0880024
0.41469 0.0227026
0.420973 0.015027
0.427257 0.0555186
0.43354 0.0251224
0.439823 0.0977716
0.446106 0.280318
0.452389 0.045415
0.458673 0.089162
0.464956 0.105784
0.471239 0.1429
0.477522 0.0202267
0.483805 0.0239815
0.490088 0.0530868
0.496372 0.020009
0.502655 0.0766038
0.508938 0.0208602
0.515221 0.0270393
0.521504 0.0160444
0.527788 0.0883791
0.534071 0.0750467
0.540354 0.00545595
0.546637 0.0722657
0.55292 0.0633341
0.559203 0.0124877
0.565487 0.0440449
0.57177 0.0389243
0.578053 0.117459
0.584336 0.09854
0.590619 0.0143549
0.596903 0.0154384
0.603186 0.0291278
0.609469 0.123519
0.615752 0.0472339
0.622035 0.0236623
0.628319 0.128637
0.634602 0.00366056
0.640885 0.19876
0.647168 0.154987
0.653451 0.369989
0.659734 0.0275328
0.666018 0.169896
0.672301 0.0493696
0.678584 0.135662
0.684867 0.0319554
0.69115 0.0354583
0.697434 0.0602101
0.703717 0.00855284
0.71 0.0230583
0.716283 0.284009
0.722566 0.0278534
0.728849 0.00185122
0.735133 0.013008
0.741416 0.0431731
0.747699 0.045985
0.753982 3.16167e-05
0.760265 0.0203925
0.766549 0.0986428
0.772832 0.00383373
0.779115 0.0708483
0.785398 0.0494663
0.791681 0.0109783
0.797965 0.113333
0.804248 0.126693
0.810531 0.0119095
0.816814 0.0557698
0.823097 0.0397674
0.82938 0.172562
0.835664 0.0857922
0.841947 0.00234144
0.84823 0.0180806
0.854513 0.044145
0.860796 0.167653
0.86708 0.101023
0.873363 0.159717
0.879646 0.00313344
0.885929 0.13536
0.892212 0.122861
0.898495 0.0472511
0.904779 0.0599976
0.911062 0.0302403
0.917345 0.00250007
0.923628 0.0795411
0.929911 0.0946748
0.936195 0.0108495
0.942478 0.0164436
0.948761 0.131038
0.955044 0.0471605
0.961327 0.107127
0.967611 0.0332018
0.973894 0.0202975
0.980177 0.0158635
0.98646 0.0883363
0.992743 0.0105224
0.999026 0.138397
1.00531 0.0460427
1.01159 0.0164245
1.01788 0.010323
1.02416 0.00890793
1.03044 0.168178
1.03673 0.155252
1.04301 0.00425252
1.04929 0.0414453
1.05558 0.0736691
1.06186 0.023903
1.06814 0.189744
1.07442 0.0276893
1.08071 0.161103
1.08699 0.00850107
1.09327 0.108065
1.09956 0.0698203
1.10584 0.0831545
1.11212 0.00492252
1.11841 0.110386
1.12469 0.161484
1.13097 0.0138369
1.13726 0.0516018
1.14354 0.121676
1.14982 0.110786
1.15611 0.00412464
1.16239 0.0552212
1.16867 0.000651808
1.17496 0.0280537
1.18124 0.00993412
1.18752 0.213791
1.19381 0.0701754
1.20009 0.0732584
1.20637 0.0746094
1.21265 0.0107818
1.21894 0.0913041
1.22522 0.0752782
1.2315 0.0103527
1.23779 0.00733237
1.24407 0.00684358
1.25035 0.0154066
1.25664 0.0226732
1.26292 0.0506146
1.2692 0.17352
1.27549 0.0519301
1.28177 0.00750134
1.28805 0.0185908
1.29434 0.109425
1.30062 0.0222717
1.3069 0.0215304
1.31319 0.00313182
1.31947 0.00333657
1.32575 0.00284441
1.33204 0.0126755
1.33832 0.0447338
1.3446 0.0778643
1.35088 0.0409851
1.35717 0.0221584
1.36345 0.0396714
1.36973 0.0751886
1.37602 0.00505105
1.3823 0.0402351
1.38858 0.00476334
1.39487 0.0914992
1.40115 0.0358105
1.40743 0.112212
1.41372 0.127425
1.42 0.0595424
1.42628 0.00856058
1.43257 0.0144727
1.43885 0.29662
1.44513 0.0124266
1.45142 0.155945
1.4577 0.0944877
1.46398 0.0632783
1.47027 0.0554532
1.47655 0.00993518
1.48283 0.0129236
1.48911 0.0113445
1.4954 0.028308
1.50168 0.00240489
1.50796 0.00410881
1.51425 0.0307992
1.52053 0.0279921
1.52681 0.0664987
1.5331 0.0822173
1.53938 0.108698
1.54566 0.083611
1.55195 0.0437732
1.55823 0.0271006
1.56451 0.00641317
1.5708 0.0235113
1.57708 0.100769
1.58336 0.0267722
1.58965 0.0341531
1.59593 0.0977662
1.60221 0.0639229
1.6085 0.17113
1.61478 0.0216635
1.62106 0.0530265
1.62734 0.0335175
1.63363 0.0700166
1.63991 0.258581
1.64619 0.168225
1.65248 0.098124
1.65876 0.0629596
1.66504 0.0435945
1.67133 0.00926986
1.67761 0.0741796
1.68389 0.0373004
1.69018 0.0455924
1.69646 0.00526635
1.70274 0.00298011
1.70903 0.0575694
1.71531 0.0969999
1.72159 0.037025
1.72788 0.146393
1.73416 0.0225779
1.74044 0.121474
1.74673 0.0113463
1.75301 0.00137981
1.75929 0.0255819
1.76558 0.000837349
1.77186 0.0790599
1.77814 0.0450418
1.78442 0.0310824
1.79071 0.298551
1.79699 0.124492
1.80327 0.034897
1.80956 0.000601752
1.81584 0.0431541
1.82212 0.0184531
1.82841 0.0695502
1.83469 0.0413178
1.84097 0.259755
1.84726 0.0200284
1.85354 0.0196204
1.85982 0.032948
1.86611 0.175557
1.87239 0.0145738
1.87867 0.0564657
1.88496 0.0351339
1.89124 0.0610015
1.89752 0.171861
1.90381 0.0490142
1.91009 0.0598092
1.91637 0.146057
1.92265 0.121466
1.92894 0.0104185
1.93522 0.0311811
1.9415 0.0579056
1.94779 0.178956
1.95407 0.00280124
1.96035 0.00791516
1.96664 0.0173277
1.97292 0.0343781
1.9792 0.0860352
1.98549 0.0711068
1.99177 0.233465
1.99805 0.0746763
2.00434 0.056808
2.01062 0.0197928
2.0169 0.045824
2.02319 0.000780452
2.02947 0.0361414
2.03575 0.00419354
2.04204 0.02372
2.04832 0.0704863
2.0546 0.027075
2.06088 0.0415386
2.06717 0.122519
2.07345 0.0462298
2.07973 0.141022
2.08602 0.115339
2.0923 0.0521026
2.09858 0.013348
2.10487 0.0757392
2.11115 0.0306885
2.11743 0.101773
2.12372 0.0250444
2.13 0.0224635
2.13628 0.0286006
2.14257 0.0583609
2.14885 0.0172133
2.15513 0.0271045
2.16142 0.00163922
2.1677 0.00638023
2.17398 0.0323099
2.18027 0.0459076
2.18655 0.0249187
2.19283 0.0283898
2.19911 0.00364056
2.2054 0.0166466
2.21168 0.0539778
2.21796 0.0175205
2.22425 0.0650592
2.23053 0.0473844
2.23681 0.173428
2.2431 0.016891
2.24938 0.0464974
2.25566 0.1156
2.26195 0.0204061
2.26823 0.00025462
2.27451 0.00763165
2.2808 0.0790763
2.28708 0.102048
2.29336 0.0364644
2.29965 0.0544019
2.30593 0.054277
2.31221 0.0597141
2.3185 0.031838
2.32478 0.017303
2.33106 0.0460925
2.33734 0.0634506
2.34363 0.0683768
2.34991 0.0154513
2.35619 0.0677346
2.36248 0.00438868
2.36876 0.00566558
2.37504 0.142743
2.38133 0.0636387
2.38761 0.0628942
2.39389 0.0782844
2.40018 0.0263002
2.40646 0.0823686
2.41274 0.025438
2.41903 0.0271676
2.42531 0.0178595
2.43159 0.0775279
2.43788 0.00967804
2.44416 0.0135087
2.45044 0.0163166
2.45673 0.119253
2.46301 0.0446658
2.46929 0.00764529
2.47558 0.0156591
2.48186 0.0647794
2.48814 0.0737202
2.49442 0.112294
2.50071 0.0836149
2.50699 0.0417951
2.51327 0.0115992
2.51956 0.0305065
2.52584 0.0730284
2.53212 0.00880686
2.53841 0.274913
2.54469 0.0825182
2.55097 0.0722478
2.55726 0.0308064
2.56354 0.0044716
2.56982 0.0764203
2.57611 0.00389053
2.58239 0.0941865
2.58867 0.0694582
2.59496 0.0114366
2.60124 0.0719729
2.60752 0.0792695
2.61381 0.139955
2.62009 0.00185149
2.62637 0.0886799
2.63265 0.0251734
2.63894 0.0854124
2.64522 0.00693847
2.6515 0.0126276
2.65779 0.027006
2.66407 0.0377976
2.67035 0.00373511
2.67664 0.00601265
2.68292 0.16737
2.6892 0.0131194
2.69549 0.0587133
2.70177 0.0120453
2.70805 0.0299445
2.71434 0.00473054
2.72062 0.0425875
2.7269 0.0637574
2.73319 0.0131282
2.73947 0.0516674
2.74575 0.0395761
2.75204 0.00517303
2.75832 0.0239959
2.7646 0.0462118
2.77088 0.00297427
2.77717 0.107362
2.78345 0.0299021
2.78973 0.0176377
2.79602 0.00679949
2.8023 0.0653047
2.80858 0.00236798
2.81487 0.000312269
2.82115 0.0172847
2.82743 0.0826564
2.83372 0.124645
2.84 0.0274513
2.84628 0.131088
2.85257 0.0484603
2.85885 0.0368416
2.86513 0.0324128
2.87142 0.03608
2.8777 0.124091
2.88398 0.0168766
2.89027 0.0107212
2.89655 0.0944529
2.90283 0.268789
2.90911 0.00120155
2.9154 0.0164735
2.92168 0.0451009
2.92796 0.255715
2.93425 0.0305043
2.94053 0.0284628
2.94681 0.0138553
2.9531 0.0739014
2.95938 0.197939
2.96566 0.0142148
2.97195 0.0274589
2.97823 0.060177
2.98451 0.0164171
2.9908 0.0301907
2.99708 0.0224222
3.00336 0.0176456
3.00965 0.0212114
3.01593 0.000364424
3.02221 0.00631201
3.0285 0.0430672
3.03478 0.003608
3.04106 0.00241625
3.04734 0.0988862
3.05363 0.0357834
3.05991 0.096338
3.06619 0.000896009
3.07248 0.00607881
3.07876 0.0223636
3.08504 0.0763437
3.09133 0.035648
3.09761 0.027985
3.10389 0.022964
3.11018 0.00495007
3.11646 0.0617154
3.12274 0.0264892
3.12903 0.0212636
3.13531 0.0270394
3.14159 0.121557
3.14788 0.0773442
3.15416 0.0138379
3.16044 0.00729531
3.16673 0.343959
3.17301 0.0243107
3.17929 0.0725505
3.18557 0.00494843
3.19186 0.0105778
3.19814 0.00861053
3.20442 0.000974002
3.21071 0.0399155
3.21699 0.00673543
3.22327 0.0402714
3.22956 0.0536249
3.23584 0.127318
3.24212 0.0622729
3.24841 0.116326
3.25469 0.000425629
3.26097 0.00722091
3.26726 0.0316243
3.27354 0.0377515
3.27982 0.0473876
3.28611 0.0173406
3.29239 0.0595076
3.29867 0.0101458
3.30496 0.15937
3.31124 0.0378183
3.31752 0.04607
3.32381 0.0494232
3.33009 0.0467273
3.33637 0.0632283
3.34265 0.11025
3.34894 0.0340334
3.35522 0.0513827
3.3615 0.0416852
3.36779 0.00917298
3.37407 0.0674237
3.38035 0.153848
3.38664 0.0198002
3.39292 0.0135733
3.3992 0.000937254
3.40549 0.0151555
3.41177 0.0203372
3.41805 0.0544721
3.42434 0.141213
3.43062 0.030475
3.4369 0.00979572
3.44319 0.0320897
3.44947 0.0265977
3.45575 0.000805987
3.46204 0.0142788
3.46832 0.0200889
3.4746 0.00811658
3.48088 0.053515
3.48717 0.0200582
3.49345 0.0471143
3.49973 0.0784342
3.50602 0.191928
3.5123 0.00252872
3.51858 0.067697
3.52487 0.129245
3.53115 0.08893
3.53743 0.021643
3.54372 0.0713876
3.55 0.00101055
3.55628 0.0148227
3.56257 0.0957002
3.56885 0.0750782
3.57513 0.0281651
3.58142 0.131544
3.5877 0.105514
3.59398 0.0531824
3.60027 0.04103
3.60655 0.00393316
3.61283 0.0137224
3.61911 0.0231333
3.6254 0.0943573
3.63168 0.0107645
3.63796 0.0331555
3.64425 0.0711704
3.65053 0.0324985
3.65681 0.0860848
3.6631 0.0536024
3.66938 0.03596
3.67566 0.0946857
3.68195 0.0155219
3.68823 0.0589693
3.69451 0.018627
3.7008 0.0178186
3.70708 0.0899777
3.71336 0.0397285
3.71965 0.0348774
3.72593 0.0394788
3.73221 0.00495299
3.7385 0.0342754
3.74478 0.0503493
3.75106 0.0087125
3.75734 0.102122
3.76363 0.0254495
3.76991 0.0561862
3.77619 0.0136536
3.78248 0.0595037
3.78876 0.235196
3.79504 0.0145156
3.80133 0.0286003
3.80761 0.0835094
3.81389 0.124588
3.82018 0.00440471
3.82646 0.0591376
3.83274 0.043055
3.83903 0.0331545
3.84531 0.0506048
3.85159 0.056439
3.85788 0.0231895
3.86416 0.13493
3.87044 0.0898185
3.87673 0.0056519
3.88301 0.00747247
3.88929 0.0329653
3.89557 0.0102394
3.90186 0.0453933
3.90814 0.027126
3.91442 0.0244845
3.92071 0.00082337
3.92699 0.00180191
3.93327 0.037854
3.93956 0.0372068
3.94584 0.0224459
3.95212 0.169273
3.95841 0.133344
3.96469 0.0144019
3.97097 0.0146821
3.97726 0.0215326
3.98354 0.0766414
3.98982 0.0137214
3.99611 0.0176186
4.00239 0.00161685
4.00867 0.0138957
4.01496 0.030496
4.02124 0.101633
4.02752 0.00550274
4.0338 0.0289427
4.04009 0.00782106
4.04637 0.0151682
4.05265 0.0256362
4.05894 0.119172
4.06522 0.0142338
4.0715 0.0229485
4.07779 0.0207493
4.08407 0.0711041
4.09035 0.0445051
4.09664 0.0091104
4.10292 0.0831804
4.1092 0.0774902
4.11549 0.0761496
4.12177 0.00781725
4.12805 0.000255509
4.13434 0.00644927
4.14062 0.0249616
4.1469 0.0105857
4.15319 0.158839
4.15947 0.0145759
4.16575 0.0403673
4.17204 0.00126996
4.17832 0.0345883
4.1846 0.0674351
4.19088 0.00655736
4.19717 0.175545
4.20345 0.0333702
4.20973 0.00660377
4.21602 0.0573963
4.2223 0.0127287
4.22858 0.00930902
4.23487 0.0840454
4.24115 0.133616
4.24743 0.0632564
4.25372 0.00726589
4.26 0.03493
4.26628 0.0319534
4.27257 0.0808469
4.27885 0.0286883
4.28513 0.0100815
4.29142 0.0395177
4.2977 0.0267487
4.30398 0.0207086
4.31027 0.0383467
4.31655 0.0308397
4.32283 0.118093
4.32911 0.015429
4.3354 0.0741517
4.34168 0.0114371
4.34796 0.00700943
4.35425 0.0976526
4.36053 0.0359861
4.36681 0.0156933
4.3731 0.0793865
4.37938 0.00134104
4.38566 0.0994436
4.39195 0.025328
4.39823 0.0615158
4.40451 0.0107864
4.4108 0.0487305
4.41708 0.0689004
4.42336 0.0161744
4.42965 0.128399
4.43593 0.0201619
4.44221 0.00790188
4.4485 0.0480725
4.45478 0.102741
4.46106 0.0784228
4.46734 0.0228359
4.47363 0.0901007
4.47991 0.025829
4.48619 0.0487004
4.49248 0.0112795
4.49876 0.0095669
4.50504 0.0221094
4.51133 0.0435605
4.51761 0.0988288
4.52389 0.0223699
4.53018 0.0789979
4.53646 0.031447
4.54274 0.012905
4.54903 0.0502386
4.55531 0.0322171
4.56159 0.0317445
4.56788 0.0158085
4.57416 0.0548129
4.58044 0.0166375
4.58673 0.0211329
4.59301 0.0131966
4.59929 0.122573
4.60557 0.0627471
4.61186 0.0150567
4.61814 0.000842425
4.62442 0.0446846
4.63071 0.0333414
4.63699 0.161519
4.64327 0.00318235
4.64956 0.0342804
4.65584 0.0867528
4.66212 0.0138696
4.66841 0.0633105
4.67469 0.0212991
4.68097 0.107826
4.68726 0.103523
4.69354 0.137723
4.69982 0.0142741
4.70611 0.0315687
4.71239 0.0619422
4.71867 0.0157269
4.72496 0.0265794
4.73124 0.022065
4.73752 0.0120784
4.7438 0.0255852
4.75009 0.0304933
4.75637 0.00601741
4.76265 0.00969405
4.76894 0.00675421
4.77522 0.00158387
4.7815 0.00754042
4.78779 0.0417349
4.79407 0.0535765
4.80035 0.00955026
4.80664 0.0191527
4.81292 0.00277748
4.8192 0.00149805
4.82549 0.0549833
4.83177 0.0318067
4.83805 0.00395116
4.84434 0.00977145
4.85062 0.0634397
4.8569 0.000811802
4.86319 0.00983781
4.86947 0.022699
4.87575 0.0096561
4.88203 0.00061371
4.88832 0.134365
4.8946 0.058726
4.90088 0.0854287
4.90717 0.0425802
4.91345 0.0706807
4.91973 0.0162787
4.92602 0.0110696
4.9323 0.188764
4.93858 0.0368686
4.94487 0.0118737
4.95115 0.0118289
4.95743 0.0538173
4.96372 0.0234504
4.97 0.0222097
4.97628 0.0101344
4.98257 0.122117
4.98885 0.00185474
4.99513 0.0644748
5.00142 0.052455
5.0077 0.0241006
5.01398 0.0353488
5.02027 0.00257713
5.02655 0.00762872
5.03283 0.137984
5.03911 0.138833
5.0454 0.0625674
5.05168 0.0182791
5.05796 0.0185153
5.06425 0.0149787
5.07053 0.024217
5.07681 0.0421881
5.0831 0.00505783
5.08938 0.0148594
5.09566 0.0418287
5.10195 0.0404611
5.10823 0.109406
5.11451 0.0181929
5.1208 0.165471
5.12708 0.0457054
5.13336 0.056116
5.13965 0.00412783
5.14593 0.0153348
5.15221 0.012356
5.1585 0.000218735
5.16478 0.00642598
5.17106 0.0668604
5.17734 0.0105634
5.18363 0.0452097
5.18991 0.00562144
5.19619 0.000794943
5.20248 0.0377327
5.20876 0.0639261
5.21504 0.100785
5.22133 0.0195401
5.22761 0.0880025
5.23389 0.0109911
5.24018 0.0175361
5.24646 0.0206092
5.25274 0.00108822
5.25903 0.110119
5.26531 0.126477
5.27159 0.0246398
5.27788 0.00426847
5.28416 0.0557802
5.29044 0.038245
5.29673 0.0426019
5.30301 0.0120409
5.30929 0.00950318
5.31557 0.0655882
5.32186 0.0524643
5.32814 0.0186961
5.33442 0.0413337
5.34071 0.00828701
5.34699 0.00927261
5.35327 0.0329853
5.35956 0.0537319
5.36584 0.115176
5.37212 0.0103947
5.37841 0.0243852
5.38469 0.112987
5.39097 0.0699203
5.39726 0.00272121
5.40354 0.13511
5.40982 0.00154489
5.41611 0.0294958
5.42239 0.0688559
5.42867 0.00203277
5.43496 0.0067843
5.44124 0.0236008
5.44752 0.0263166
5.4538 0.00416744
5.46009 0.0375165
5.46637 0.0418456
5.47265 0.0625582
5.47894 0.0398838
5.48522 0.103497
5.4915 0.0217013
5.49779 0.0662344
5.50407 0.0631395
5.51035 0.0514904
5.51664 0.0418463
5.52292 0.0190913
5.5292 0.241645
5.53549 0.005314
5.54177 0.00148197
5.54805 0.0913434
5.55434 0.00110201
5.56062 0.0399641
5.5669 0.114201
5.57319 0.0279042
5.57947 0.0322824
5.58575 0.0157732
5.59203 0.216172
5.59832 0.116917
5.6046 0.0115701
5.61088 0.105333
5.61717 0.092403
5.62345 0.0223288
5.62973 0.00706039
5.63602 0.0879168
5.6423 0.0863996
5.64858 0.0852596
5.65487 0.0164224
5.66115 0.0973576
5.66743 0.0112954
5.67372 0.0192155
5.68 0.0241278
5.68628 0.0602766
5.69257 0.0103446
5.69885 0.048511
5.70513 0.00925978
5.71142 0.018851
5.7177 0.020938
5.72398 0.0434282
5.73027 0.0588691
5.73655 0.0129312
5.74283 0.06519
5.74911 0.0456429
5.7554 0.0844546
5.76168 0.00548766
5.76796 0.0949862
5.77425 0.0834747
5.78053 0.0627163
5.78681 0.0155017
5.7931 0.0087014
5.79938 0.0129879
5.80566 0.0324644
5.81195 0.0720741
5.81823 0.0701387
5.82451 0.062684
5.8308 0.0530561
5.83708 0.0473528
5.84336 0.0132995
5.84965 0.0538316
5.85593 0.0251175
5.86221 0.0138788
5.8685 0.0345984
5.87478 0.0191045
5.88106 0.0102094
5.88734 0.00548484
5.89363 0.120352
5.89991 0.0114416
5.90619 0.241133
5.91248 0.0140687
5.91876 0.0044286
5.92504 0.0322
5.93133 0.0474647
5.93761 0.0425594
5.94389 0.0459043
5.95018 0.00343639
5.95646 0.0726354
5.96274 0.145382
5.96903 0.0611544
5.97531 0.0426035
5.98159 0.0692194
5.98788 0.000429554
5.99416 0.00049697
6.00044 0.00131808
6.00673 0.125401
6.01301 0.000730778
6.01929 0.0279985
6.02557 0.0131078
6.03186 0.0116694
6.03814 0.0220774
6.04442 0.0118496
6.05071 0.0794239
6.05699 0.010051
6.06327 0.0855914
6.06956 0.0499263
6.07584 0.0549541
6.08212 0.0285375
6.08841 0.0043763
6.09469 0.00671837
6.10097 0.0268004
6.10726 0.0153152
6.11354 0.0799466
6.11982 0.000575523
6.12611 0.0040666
6.13239 0.0563734
6.13867 0.0503752
6.14496 0.00488145
6.15124 0.0171999
6.15752 0.0010877
6.1638 0.0194852
6.17009 0.020963
6.17637 0.00463547
6.18265 0.0404749
6.18894 0.0222342
6.19522 0.00613831
6.2015 0.088944
6.20779 0.100089
6.21407 0.116432
6.22035 0.102263
6.22664 0.0269012
6.23292 0.0257027
6.2392 0.00236815
6.24549 0.143816
6.25177 0.350794
6.25805 0.0257604
6.26434 0.00994586
6.27062 0.0141281
6.2769 0.0657908
6.28319 0.0333358
6.28947 0.0121212
6.29575 0.0773415
6.30203 0.0376983
6.30832 0.0276102
6.3146 0.0245317
6.32088 0.000423932
6.32717 0.0268894
6.33345 0.0683383
6.33973 0.0466309
6.34602 0.0259475
6.3523 0.0165114
6.35858 0.0583849
6.36487 0.10898
6.37115 0.0201565
6.37743 0.070379
6.38372 0.0117856
6.39 0.0103381
6.39628 0.0965237
6.40257 0.127052
6.40885 0.0500452
6.41513 0.0481392
6.42142 0.0555989
6.4277 0.019458
6.43398 0.058493
6.44026 0.0029512
