0 1
0.00628319 0.999982
0.0125664 0.999927
0.0188496 0.999836
0.0251327 0.999708
0.0314159 0.999543
0.0376991 0.999342
0.0439823 0.999105
0.0502655 0.998831
0.0565487 0.99852
0.0628319 0.998174
0.069115 0.99779
0.0753982 0.997371
0.0816814 0.996915
0.0879646 0.996423
0.0942478 0.995894
0.100531 0.99533
0.106814 0.994729
0.113097 0.994092
0.119381 0.993419
0.125664 0.992711
0.131947 0.991966
0.13823 0.991185
0.144513 0.990369
0.150796 0.989517
0.15708 0.988629
0.163363 0.987706
0.169646 0.986747
0.175929 0.985753
0.182212 0.984723
0.188496 0.983659
0.194779 0.982559
0.201062 0.981424
0.207345 0.980254
0.213628 0.97905
0.219911 0.97781
0.226195 0.976536
0.232478 0.975228
0.238761 0.973885
0.245044 0.972508
0.251327 0.971097
0.257611 0.969651
0.263894 0.968172
0.270177 0.966659
0.27646 0.965113
0.282743 0.963533
0.289027 0.961919
0.29531 0.960273
0.301593 0.958593
0.307876 0.95688
0.314159 0.955135
0.320442 0.953356
0.326726 0.951546
0.333009 0.949703
0.339292 0.947828
0.345575 0.94592
0.351858 0.943981
0.358142 0.942011
0.364425 0.940009
0.370708 0.937975
0.376991 0.93591
0.383274 0.933815
0.389557 0.931688
0.395841 0.929531
0.402124 0.927344
0.408407 0.925126
0.41469 0.922878
0.420973 0.9206
0.427257 0.918293
0.43354 0.915956
0.439823 0.91359
0.446106 0.911195
0.452389 0.908771
0.458673 0.906318
0.464956 0.903837
0.471239 0.901328
0.477522 0.898791
0.483805 0.896225
0.490088 0.893633
0.496372 0.891013
0.502655 0.888365
0.508938 0.885691
0.515221 0.88299
0.521504 0.880263
0.527788 0.877509
0.534071 0.87473
0.540354 0.871925
0.546637 0.869094
0.55292 0.866238
0.559203 0.863356
0.565487 0.86045
0.57177 0.85752
0.578053 0.854565
0.584336 0.851586
0.590619 0.848583
0.596903 0.845557
0.603186 0.842508
0.609469 0.839435
0.615752 0.83634
0.622035 0.833222
0.628319 0.830081
0.634602 0.826919
0.640885 0.823735
0.647168 0.820529
0.653451 0.817303
0.659734 0.814055
0.666018 0.810787
0.672301 0.807498
0.678584 0.804189
0.684867 0.80086
0.69115 0.797511
0.697434 0.794144
0.703717 0.790757
0.71 0.787351
0.716283 0.783927
0.722566 0.780485
0.728849 0.777024
0.735133 0.773546
0.741416 0.770051
0.747699 0.766539
0.753982 0.76301
0.760265 0.759464
0.766549 0.755902
0.772832 0.752324
0.779115 0.748731
0.785398 0.745122
0.791681 0.741498
0.797965 0.737859
0.804248 0.734206
0.810531 0.730538
0.816814 0.726857
0.823097 0.723162
0.82938 0.719454
0.835664 0.715733
0.841947 0.711999
0.84823 0.708252
0.854513 0.704494
0.860796 0.700723
0.86708 0.696941
0.873363 0.693148
0.879646 0.689344
0.885929 0.685529
0.892212 0.681704
0.898495 0.677869
0.904779 0.674024
0.911062 0.67017
0.917345 0.666306
0.923628 0.662434
0.929911 0.658553
0.936195 0.654664
0.942478 0.650767
0.948761 0.646862
0.955044 0.64295
0.961327 0.63903
0.967611 0.635104
0.973894 0.631172
0.980177 0.627233
0.98646 0.623289
0.992743 0.619339
0.999026 0.615383
1.00531 0.611423
1.01159 0.607458
1.01788 0.603489
1.02416 0.599515
1.03044 0.595538
1.03673 0.591558
1.04301 0.587574
1.04929 0.583587
1.05558 0.579597
1.06186 0.575606
1.06814 0.571612
1.07442 0.567616
1.08071 0.56362
1.08699 0.559621
1.09327 0.555623
1.09956 0.551623
1.10584 0.547623
1.11212 0.543624
1.11841 0.539624
1.12469 0.535625
1.13097 0.531627
1.13726 0.52763
1.14354 0.523635
1.14982 0.519641
1.15611 0.515649
1.16239 0.51166
1.16867 0.507673
1.17496 0.503689
1.18124 0.499708
1.18752 0.49573
1.19381 0.491756
1.20009 0.487786
1.20637 0.48382
1.21265 0.479859
1.21894 0.475902
1.22522 0.471951
1.2315 0.468004
1.23779 0.464063
1.24407 0.460128
1.25035 0.456199
1.25664 0.452277
1.26292 0.448361
1.2692 0.444451
1.27549 0.440549
1.28177 0.436655
1.28805 0.432767
1.29434 0.428888
1.30062 0.425017
1.3069 0.421154
1.31319 0.4173
1.31947 0.413454
1.32575 0.409618
1.33204 0.405791
1.33832 0.401973
1.3446 0.398165
1.35088 0.394368
1.35717 0.39058
1.36345 0.386803
1.36973 0.383037
1.37602 0.379282
1.3823 0.375538
1.38858 0.371805
1.39487 0.368084
1.40115 0.364375
1.40743 0.360678
1.41372 0.356993
1.42 0.353321
1.42628 0.349662
1.43257 0.346015
1.43885 0.342382
1.44513 0.338761
1.45142 0.335155
1.4577 0.331562
1.46398 0.327983
1.47027 0.324418
1.47655 0.320868
1.48283 0.317332
1.48911 0.313811
1.4954 0.310304
1.50168 0.306813
1.50796 0.303337
1.51425 0.299877
1.52053 0.296432
1.52681 0.293003
1.5331 0.28959
1.53938 0.286193
1.54566 0.282813
1.55195 0.279449
1.55823 0.276102
1.56451 0.272771
1.5708 0.269458
1.57708 0.266161
1.58336 0.262882
1.58965 0.259621
1.59593 0.256377
1.60221 0.253151
1.6085 0.249943
1.61478 0.246752
1.62106 0.243581
1.62734 0.240427
1.63363 0.237292
1.63991 0.234175
1.64619 0.231077
1.65248 0.227999
1.65876 0.224939
1.66504 0.221898
1.67133 0.218876
1.67761 0.215874
1.68389 0.212891
1.69018 0.209928
1.69646 0.206985
1.70274 0.204061
1.70903 0.201158
1.71531 0.198274
1.72159 0.195411
1.72788 0.192567
1.73416 0.189745
1.74044 0.186942
1.74673 0.18416
1.75301 0.181399
1.75929 0.178658
1.76558 0.175938
1.77186 0.173239
1.77814 0.170561
1.78442 0.167904
1.79071 0.165268
1.79699 0.162653
1.80327 0.160059
1.80956 0.157487
1.81584 0.154936
1.82212 0.152406
1.82841 0.149898
1.83469 0.147411
1.84097 0.144946
1.84726 0.142503
1.85354 0.140081
1.85982 0.137681
1.86611 0.135303
1.87239 0.132947
1.87867 0.130612
1.88496 0.1283
1.89124 0.126009
1.89752 0.12374
1.90381 0.121493
1.91009 0.119268
1.91637 0.117066
1.92265 0.114885
1.92894 0.112726
1.93522 0.11059
1.9415 0.108475
1.94779 0.106383
1.95407 0.104313
1.96035 0.102265
1.96664 0.100239
1.97292 0.098235
1.9792 0.0962533
1.98549 0.0942937
1.99177 0.0923563
1.99805 0.0904409
2.00434 0.0885477
2.01062 0.0866766
2.0169 0.0848275
2.02319 0.0830005
2.02947 0.0811956
2.03575 0.0794127
2.04204 0.0776518
2.04832 0.0759128
2.0546 0.0741958
2.06088 0.0725007
2.06717 0.0708275
2.07345 0.0691761
2.07973 0.0675465
2.08602 0.0659387
2.0923 0.0643527
2.09858 0.0627883
2.10487 0.0612455
2.11115 0.0597244
2.11743 0.0582247
2.12372 0.0567466
2.13 0.0552899
2.13628 0.0538546
2.14257 0.0524405
2.14885 0.0510478
2.15513 0.0496762
2.16142 0.0483258
2.1677 0.0469965
2.17398 0.0456881
2.18027 0.0444007
2.18655 0.0431341
2.19283 0.0418883
2.19911 0.0406632
2.2054 0.0394587
2.21168 0.0382748
2.21796 0.0371113
2.22425 0.0359683
2.23053 0.0348455
2.23681 0.0337429
2.2431 0.0326605
2.24938 0.0315981
2.25566 0.0305556
2.26195 0.029533
2.26823 0.0285301
2.27451 0.0275469
2.2808 0.0265832
2.28708 0.025639
2.29336 0.0247142
2.29965 0.0238086
2.30593 0.0229221
2.31221 0.0220547
2.3185 0.0212062
2.32478 0.0203766
2.33106 0.0195656
2.33734 0.0187733
2.34363 0.0179994
2.34991 0.0172439
2.35619 0.0165066
2.36248 0.0157875
2.36876 0.0150864
2.37504 0.0144032
2.38133 0.0137378
2.38761 0.01309
2.39389 0.0124597
2.40018 0.0118469
2.40646 0.0112513
2.41274 0.0106728
2.41903 0.0101114
2.42531 0.00956685
2.43159 0.00903905
2.43788 0.00852788
2.44416 0.00803318
2.45044 0.00755485
2.45673 0.00709272
2.46301 0.00664668
2.46929 0.00621657
2.47558 0.00580227
2.48186 0.00540363
2.48814 0.00502051
2.49442 0.00465278
2.50071 0.00430028
2.50699 0.00396287
2.51327 0.00364042
2.51956 0.00333278
2.52584 0.00303979
2.53212 0.00276132
2.53841 0.00249721
2.54469 0.00224733
2.55097 0.00201152
2.55726 0.00178963
2.56354 0.00158151
2.56982 0.00138701
2.57611 0.00120599
2.58239 0.00103828
2.58867 0.000883742
2.59496 0.000742219
2.60124 0.000613558
2.60752 0.000497606
2.61381 0.000394208
2.62009 0.000303211
2.62637 0.000224459
2.63265 0.000157797
2.63894 0.00010307
2.64522 6.01226e-05
2.6515 2.87976e-05
2.65779 8.93886e-06
2.66407 3.89741e-07
2.67035 2.99328e-06
2.67664 1.65923e-05
2.68292 4.10294e-05
2.6892 7.6147e-05
2.69549 0.000121788
2.70177 0.000177793
2.70805 0.000244005
2.71434 0.000320267
2.72062 0.000406419
2.7269 0.000502305
2.73319 0.000607764
2.73947 0.000722641
2.74575 0.000846775
2.75204 0.00098001
2.75832 0.00112219
2.7646 0.00127315
2.77088 0.00143274
2.77717 0.00160079
2.78345 0.00177716
2.78973 0.00196168
2.79602 0.0021542
2.8023 0.00235455
2.80858 0.00256259
2.81487 0.00277816
2.82115 0.0030011
2.82743 0.00323125
2.83372 0.00346846
2.84 0.00371257
2.84628 0.00396343
2.85257 0.00422089
2.85885 0.00448478
2.86513 0.00475496
2.87142 0.00503127
2.8777 0.00531357
2.88398 0.00560169
2.89027 0.00589548
2.89655 0.0061948
2.90283 0.0064995
2.90911 0.00680941
2.9154 0.0071244
2.92168 0.00744432
2.92796 0.007769
2.93425 0.00809832
2.94053 0.00843212
2.94681 0.00877025
2.9531 0.00911256
2.95938 0.00945892
2.96566 0.00980918
2.97195 0.0101632
2.97823 0.0105208
2.98451 0.0108819
2.9908 0.0112463
2.99708 0.0116139
3.00336 0.0119846
3.00965 0.0123581
3.01593 0.0127344
3.02221 0.0131134
3.0285 0.0134948
3.03478 0.0138786
3.04106 0.0142646
3.04734 0.0146528
3.05363 0.0150428
3.05991 0.0154347
3.06619 0.0158283
3.07248 0.0162234
3.07876 0.01662
3.08504 0.0170179
3.09133 0.0174169
3.09761 0.017817
3.10389 0.0182181
3.11018 0.0186199
3.11646 0.0190224
3.12274 0.0194255
3.12903 0.0198289
3.13531 0.0202328
3.14159 0.0206368
3.14788 0.0210408
3.15416 0.0214449
3.16044 0.0218487
3.16673 0.0222524
3.17301 0.0226556
3.17929 0.0230583
3.18557 0.0234604
3.19186 0.0238618
3.19814 0.0242624
3.20442 0.0246621
3.21071 0.0250607
3.21699 0.0254581
3.22327 0.0258543
3.22956 0.0262492
3.23584 0.0266426
3.24212 0.0270345
3.24841 0.0274247
3.25469 0.0278131
3.26097 0.0281997
3.26726 0.0285844
3.27354 0.028967
3.27982 0.0293475
3.28611 0.0297258
3.29239 0.0301018
3.29867 0.0304754
3.30496 0.0308464
3.31124 0.031215
3.31752 0.0315808
3.32381 0.0319439
3.33009 0.0323042
3.33637 0.0326616
3.34265 0.033016
3.34894 0.0333674
3.35522 0.0337156
3.3615 0.0340606
3.36779 0.0344023
3.37407 0.0347407
3.38035 0.0350756
3.38664 0.035407
3.39292 0.0357348
3.3992 0.0360591
3.40549 0.0363796
3.41177 0.0366963
3.41805 0.0370092
3.42434 0.0373182
3.43062 0.0376232
3.4369 0.0379243
3.44319 0.0382212
3.44947 0.038514
3.45575 0.0388027
3.46204 0.0390871
3.46832 0.0393672
3.4746 0.039643
3.48088 0.0399143
3.48717 0.0401813
3.49345 0.0404437
3.49973 0.0407016
3.50602 0.040955
3.5123 0.0412037
3.51858 0.0414477
3.52487 0.0416871
3.53115 0.0419217
3.53743 0.0421515
3.54372 0.0423765
3.55 0.0425967
3.55628 0.0428119
3.56257 0.0430223
3.56885 0.0432277
3.57513 0.0434281
3.58142 0.0436235
3.5877 0.0438139
3.59398 0.0439992
3.60027 0.0441795
3.60655 0.0443546
3.61283 0.0445246
3.61911 0.0446895
3.6254 0.0448492
3.63168 0.0450036
3.63796 0.0451529
3.64425 0.045297
3.65053 0.0454358
3.65681 0.0455694
3.6631 0.0456978
3.66938 0.0458208
3.67566 0.0459386
3.68195 0.0460511
3.68823 0.0461583
3.69451 0.0462602
3.7008 0.0463568
3.70708 0.0464481
3.71336 0.0465341
3.71965 0.0466147
3.72593 0.0466901
3.73221 0.0467602
3.7385 0.0468249
3.74478 0.0468843
3.75106 0.0469385
3.75734 0.0469873
3.76363 0.0470309
3.76991 0.0470692
3.77619 0.0471022
3.78248 0.04713
3.78876 0.0471525
3.79504 0.0471698
3.80133 0.0471819
3.80761 0.0471888
3.81389 0.0471904
3.82018 0.047187
3.82646 0.0471783
3.83274 0.0471645
3.83903 0.0471456
3.84531 0.0471216
3.85159 0.0470926
3.85788 0.0470585
3.86416 0.0470193
3.87044 0.0469752
3.87673 0.0469261
3.88301 0.046872
3.88929 0.046813
3.89557 0.0467491
3.90186 0.0466803
3.90814 0.0466068
3.91442 0.0465284
3.92071 0.0464452
3.92699 0.0463573
3.93327 0.0462647
3.93956 0.0461674
3.94584 0.0460655
3.95212 0.0459589
3.95841 0.0458478
3.96469 0.0457322
3.97097 0.0456121
3.97726 0.0454876
3.98354 0.0453586
3.98982 0.0452252
3.99611 0.0450876
4.00239 0.0449456
4.00867 0.0447994
4.01496 0.044649
4.02124 0.0444944
4.02752 0.0443358
4.0338 0.044173
4.04009 0.0440062
4.04637 0.0438355
4.05265 0.0436608
4.05894 0.0434823
4.06522 0.0432999
4.0715 0.0431137
4.07779 0.0429238
4.08407 0.0427301
4.09035 0.0425329
4.09664 0.0423321
4.10292 0.0421277
4.1092 0.0419198
4.11549 0.0417086
4.12177 0.0414939
4.12805 0.0412759
4.13434 0.0410546
4.14062 0.0408302
4.1469 0.0406025
4.15319 0.0403717
4.15947 0.0401379
4.16575 0.0399011
4.17204 0.0396613
4.17832 0.0394187
4.1846 0.0391732
4.19088 0.038925
4.19717 0.038674
4.20345 0.0384203
4.20973 0.0381641
4.21602 0.0379053
4.2223 0.037644
4.22858 0.0373803
4.23487 0.0371142
4.24115 0.0368458
4.24743 0.0365751
4.25372 0.0363023
4.26 0.0360273
4.26628 0.0357502
4.27257 0.0354711
4.27885 0.03519
4.28513 0.0349071
4.29142 0.0346223
4.2977 0.0343357
4.30398 0.0340474
4.31027 0.0337575
4.31655 0.0334659
4.32283 0.0331728
4.32911 0.0328782
4.3354 0.0325822
4.34168 0.0322848
4.34796 0.0319861
4.35425 0.0316862
4.36053 0.0313851
4.36681 0.0310829
4.3731 0.0307796
4.37938 0.0304753
4.38566 0.0301701
4.39195 0.029864
4.39823 0.029557
4.40451 0.0292493
4.4108 0.0289409
4.41708 0.0286319
4.42336 0.0283222
4.42965 0.0280121
4.43593 0.0277014
4.44221 0.0273903
4.4485 0.0270789
4.45478 0.0267672
4.46106 0.0264553
4.46734 0.0261431
4.47363 0.0258309
4.47991 0.0255185
4.48619 0.0252062
4.49248 0.0248939
4.49876 0.0245817
4.50504 0.0242697
4.51133 0.0239579
4.51761 0.0236463
4.52389 0.0233351
4.53018 0.0230243
4.53646 0.0227138
4.54274 0.0224039
4.54903 0.0220945
4.55531 0.0217857
4.56159 0.0214776
4.56788 0.0211701
4.57416 0.0208634
4.58044 0.0205575
4.58673 0.0202525
4.59301 0.0199483
4.59929 0.0196452
4.60557 0.019343
4.61186 0.0190418
4.61814 0.0187418
4.62442 0.0184429
4.63071 0.0181453
4.63699 0.0178488
4.64327 0.0175537
4.64956 0.0172599
4.65584 0.0169675
4.66212 0.0166766
4.66841 0.0163871
4.67469 0.0160991
4.68097 0.0158127
4.68726 0.0155279
4.69354 0.0152448
4.69982 0.0149634
4.70611 0.0146837
4.71239 0.0144058
4.71867 0.0141297
4.72496 0.0138554
4.73124 0.0135831
4.73752 0.0133127
4.7438 0.0130443
4.75009 0.012778
4.75637 0.0125136
4.76265 0.0122514
4.76894 0.0119913
4.77522 0.0117334
4.7815 0.0114776
4.78779 0.0112241
4.79407 0.0109729
4.80035 0.0107239
4.80664 0.0104773
4.81292 0.0102331
4.8192 0.00999128
4.82549 0.00975188
4.83177 0.00951493
4.83805 0.00928048
4.84434 0.00904854
4.85062 0.00881915
4.8569 0.00859233
4.86319 0.00836811
4.86947 0.00814652
4.87575 0.00792759
4.88203 0.00771133
4.88832 0.00749777
4.8946 0.00728694
4.90088 0.00707886
4.90717 0.00687355
4.91345 0.00667103
4.91973 0.00647133
4.92602 0.00627446
4.9323 0.00608045
4.93858 0.00588931
4.94487 0.00570106
4.95115 0.00551572
4.95743 0.00533331
4.96372 0.00515384
4.97 0.00497733
4.97628 0.0048038
4.98257 0.00463325
4.98885 0.0044657
4.99513 0.00430117
5.00142 0.00413967
5.0077 0.00398121
5.01398 0.0038258
5.02027 0.00367344
5.02655 0.00352416
5.03283 0.00337796
5.03911 0.00323485
5.0454 0.00309483
5.05168 0.00295792
5.05796 0.00282411
5.06425 0.00269342
5.07053 0.00256586
5.07681 0.00244141
5.0831 0.0023201
5.08938 0.00220191
5.09566 0.00208686
5.10195 0.00197495
5.10823 0.00186618
5.11451 0.00176054
5.1208 0.00165804
5.12708 0.00155868
5.13336 0.00146246
5.13965 0.00136937
5.14593 0.00127941
5.15221 0.00119258
5.1585 0.00110888
5.16478 0.0010283
5.17106 0.000950831
5.17734 0.000876475
5.18363 0.000805223
5.18991 0.000737068
5.19619 0.000672004
5.20248 0.000610022
5.20876 0.000551113
5.21504 0.000495269
5.22133 0.000442479
5.22761 0.000392734
5.23389 0.000346023
5.24018 0.000302335
5.24646 0.000261657
5.25274 0.000223977
5.25903 0.000189282
5.26531 0.000157558
5.27159 0.000128792
5.27788 0.000102968
5.28416 8.00719e-05
5.29044 6.00877e-05
5.29673 4.29991e-05
5.30301 2.87896e-05
5.30929 1.74418e-05
5.31557 8.93809e-06
5.32186 3.2603e-06
5.32814 3.8974e-07
5.33442 3.07247e-07
5.34071 2.9932e-06
5.34699 8.4275e-06
5.35327 1.65896e-05
5.35956 2.74585e-05
5.36584 4.10127e-05
5.37212 5.72303e-05
5.37841 7.6089e-05
5.38469 9.7566e-05
5.39097 0.000121638
5.39726 0.000148282
5.40354 0.000177473
5.40982 0.000209187
5.41611 0.0002434
5.42239 0.000280085
5.42867 0.000319218
5.43496 0.000360773
5.44124 0.000404722
5.44752 0.00045104
5.4538 0.0004997
5.46009 0.000550674
5.46637 0.000603933
5.47265 0.000659451
5.47894 0.000717199
5.48522 0.000777148
5.4915 0.000839269
5.49779 0.000903533
5.50407 0.00096991
5.51035 0.00103837
5.51664 0.00110888
5.52292 0.00118142
5.5292 0.00125594
5.53549 0.00133243
5.54177 0.00141085
5.54805 0.00149116
5.55434 0.00157335
5.56062 0.00165736
5.5669 0.00174318
5.57319 0.00183077
5.57947 0.00192009
5.58575 0.00201112
5.59203 0.00210382
5.59832 0.00219815
5.6046 0.00229409
5.61088 0.00239161
5.61717 0.00249066
5.62345 0.00259121
5.62973 0.00269323
5.63602 0.00279669
5.6423 0.00290155
5.64858 0.00300777
5.65487 0.00311533
5.66115 0.00322418
5.66743 0.0033343
5.67372 0.00344564
5.68 0.00355818
5.68628 0.00367187
5.69257 0.00378669
5.69885 0.00390259
5.70513 0.00401955
5.71142 0.00413752
5.7177 0.00425648
5.72398 0.00437638
5.73027 0.00449719
5.73655 0.00461888
5.74283 0.00474141
5.74911 0.00486474
5.7554 0.00498885
5.76168 0.00511368
5.76796 0.00523922
5.77425 0.00536542
5.78053 0.00549224
5.78681 0.00561966
5.7931 0.00574764
5.79938 0.00587614
5.80566 0.00600512
5.81195 0.00613456
5.81823 0.00626442
5.82451 0.00639466
5.8308 0.00652524
5.83708 0.00665614
5.84336 0.00678731
5.84965 0.00691873
5.85593 0.00705036
5.86221 0.00718216
5.8685 0.0073141
5.87478 0.00744615
5.88106 0.00757827
5.88734 0.00771043
5.89363 0.0078426
5.89991 0.00797473
5.90619 0.00810681
5.91248 0.00823879
5.91876 0.00837064
5.92504 0.00850234
5.93133 0.00863384
5.93761 0.00876511
5.94389 0.00889613
5.95018 0.00902685
5.95646 0.00915726
5.96274 0.00928731
5.96903 0.00941698
5.97531 0.00954623
5.98159 0.00967504
5.98788 0.00980337
5.99416 0.0099312
6.00044 0.0100585
6.00673 0.0101852
6.01301 0.0103113
6.01929 0.0104368
6.02557 0.0105617
6.03186 0.0106858
6.03814 0.0108093
6.04442 0.010932
6.05071 0.0110539
6.05699 0.011175
6.06327 0.0112954
6.06956 0.0114148
6.07584 0.0115334
6.08212 0.0116511
6.08841 0.0117678
6.09469 0.0118836
6.10097 0.0119985
6.10726 0.0121123
6.11354 0.012225
6.11982 0.0123368
6.12611 0.0124474
6.13239 0.0125569
6.13867 0.0126653
6.14496 0.0127726
6.15124 0.0128787
6.15752 0.0129836
6.1638 0.0130872
6.17009 0.0131897
6.17637 0.0132909
6.18265 0.0133907
6.18894 0.0134893
6.19522 0.0135866
6.2015 0.0136825
6.20779 0.0137771
6.21407 0.0138703
6.22035 0.013962
6.22664 0.0140524
6.23292 0.0141413
6.2392 0.0142288
6.24549 0.0143148
6.25177 0.0143993
6.25805 0.0144823
6.26434 0.0145638
6.27062 0.0146438
6.2769 0.0147222
6.28319 0.014799
6.28947 0.0148743
6.29575 0.0149479
6.30203 0.01502
6.30832 0.0150904
6.3146 0.0151592
6.32088 0.0152264
6.32717 0.0152919
6.33345 0.0153558
6.33973 0.0154179
6.34602 0.0154784
6.3523 0.0155371
6.35858 0.0155942
6.36487 0.0156495
6.37115 0.0157031
6.37743 0.015755
6.38372 0.0158051
6.39 0.0158535
6.39628 0.0159001
6.40257 0.0159449
6.40885 0.015988
