0.00628319 0
0.0125664 0.00203457
0.0188496 0.00973707
0.0251327 0.0221504
0.0314159 0.0347218
0.0376991 0.0256055
0.0439823 0.0352361
0.0502655 0.0519376
0.0565487 0.0392228
0.0628319 0.0390106
0.069115 0.00213352
0.0753982 0.0358125
0.0816814 0.0196297
0.0879646 0.0529968
0.0942478 0.0403252
0.100531 0.0181496
0.106814 0.0143401
0.113097 0.00801106
0.119381 0.0160928
0.125664 0.0344614
0.131947 0.0162879
0.13823 0.0108694
0.144513 0.0112986
0.150796 0.0226688
0.15708 0.0461017
0.163363 0.00330471
0.169646 0.0485282
0.175929 0.00392882
0.182212 0.0106975
0.188496 0.00708845
0.194779 0.0121736
0.201062 0.000140076
0.207345 0.00203428
0.213628 0.00324686
0.219911 0.0154494
0.226195 0.0406343
0.232478 0.00160028
0.238761 0.00248898
0.245044 0.00437592
0.251327 0.00488532
0.257611 0.0060259
0.263894 0.00345608
0.270177 0.000334512
0.27646 0.00240515
0.282743 0.00436058
0.289027 0.00542427
0.29531 0.0286505
0.301593 0.0111138
0.307876 0.00930225
0.314159 0.0127892
0.320442 0.00818923
0.326726 0.00213145
0.333009 0.000255868
0.339292 0.00610484
0.345575 0.0124054
0.351858 0.0200884
0.358142 0.00515857
0.364425 0.00391208
0.370708 0.00297565
0.376991 0.00145765
0.383274 0.0030224
0.389557 0.0059943
0.395841 0.00309002
0.402124 0.00479704
0.408407 0.00196511
0.41469 0.00361889
0.420973 0.00171315
0.427257 0.00897759
0.43354 0.00188707
0.439823 0.010892
0.446106 0.0127197
0.452389 0.00110162
0.458673 0.00997515
0.464956 0.00336515
0.471239 2.12241e-05
0.477522 0.002192
0.483805 0.000420835
0.490088 0.0010604
0.496372 0.00810553
0.502655 0.0114749
0.508938 0.00118439
0.515221 0.00689232
0.521504 0.00140833
0.527788 0.00696141
0.534071 0.00348673
0.540354 0.000259075
0.546637 0.00460491
0.55292 0.000172409
0.559203 0.00292673
0.565487 3.05979e-07
0.57177 0.000278663
0.578053 0.000997292
0.584336 0.00774755
0.590619 0.000948178
0.596903 0.0026253
0.603186 0.00646525
0.609469 0.00446785
0.615752 0.00547333
0.622035 0.00135279
0.628319 0.0013251
0.634602 0.0110629
0.640885 0.000384019
0.647168 0.00059676
0.653451 0.00370306
0.659734 0.00414393
0.666018 0.000206092
0.672301 0.00349344
0.678584 0.00182141
0.684867 0.000919001
0.69115 0.000669628
0.697434 0.0013533
0.703717 0.00259658
0.71 0.00137724
0.716283 0.00594567
0.722566 0.00581615
0.728849 0.00131037
0.735133 0.000467755
0.741416 0.0029324
0.747699 0.00147958
0.753982 0.000817161
0.760265 0.000372392
0.766549 0.00500244
0.772832 0.00133017
0.779115 0.00229928
0.785398 0.00406383
0.791681 0.00125959
0.797965 0.00275358
0.804248 0.00626775
0.810531 0.000807513
0.816814 0.000819205
0.823097 0.00175909
0.82938 0.000250221
0.835664 0.00138029
0.841947 3.50708e-05
0.84823 0.000992
0.854513 0.00303934
0.860796 0.000239704
0.86708 0.00356911
0.873363 0.0011989
0.879646 0.000764858
0.885929 0.00154641
0.892212 0.00669096
0.898495 0.00156573
0.904779 0.00247392
0.911062 0.00438458
0.917345 0.00352951
0.923628 0.0015577
0.929911 0.00242532
0.936195 0.00146202
0.942478 0.00176241
0.948761 0.00157906
0.955044 0.00247595
0.961327 0.000170047
0.967611 0.000966946
0.973894 0.000718475
0.980177 0.000400656
0.98646 0.00137104
0.992743 0.000110611
0.999026 0.00147897
1.00531 0.00583587
1.01159 0.00133767
1.01788 0.00261948
1.02416 0.00225758
1.03044 0.00137846
1.03673 0.00472676
1.04301 0.00229262
1.04929 0.00031142
1.05558 0.000385137
1.06186 0.0064381
1.06814 4.35405e-05
1.07442 0.00126257
1.08071 0.00106687
1.08699 0.00217638
1.09327 0.000837897
1.09956 4.11405e-05
1.10584 0.00164458
1.11212 0.00509404
1.11841 0.000826051
1.12469 0.00194868
1.13097 0.0026312
1.13726 0.000125834
1.14354 0.00269303
1.14982 0.00149622
1.15611 1.66063e-05
1.16239 0.00471114
1.16867 7.18693e-05
1.17496 0.0029629
1.18124 0.000997737
1.18752 0.00258983
1.19381 0.00135892
1.20009 0.000201253
1.20637 0.00354097
1.21265 0.000610172
1.21894 0.00136368
1.22522 0.0020589
1.2315 0.00348883
1.23779 0.000186157
1.24407 0.00164627
1.25035 0.00465827
1.25664 0.000139336
1.26292 0.00117808
1.2692 0.000948261
1.27549 0.00156004
1.28177 9.33942e-05
1.28805 0.00445966
1.29434 0.0011806
1.30062 0.000517544
1.3069 0.00295285
1.31319 0.000798744
1.31947 0.00474305
1.32575 0.00273654
1.33204 0.00260264
1.33832 0.00056498
1.3446 0.0037089
1.35088 0.0002304
1.35717 0.00404126
1.36345 0.000302637
1.36973 0.000725434
1.37602 0.00403944
1.3823 0.000803082
1.38858 0.00179702
1.39487 0.00268373
1.40115 0.000405398
1.40743 0.00118736
1.41372 0.00100534
1.42 0.00124923
1.42628 0.00144916
1.43257 9.63289e-05
1.43885 0.000660472
1.44513 6.31735e-05
1.45142 0.00209141
1.4577 0.00173474
1.46398 0.00311732
1.47027 0.0012717
1.47655 0.000468392
1.48283 0.00194926
1.48911 0.00061989
1.4954 0.000394734
1.50168 0.00303555
1.50796 0.0052905
1.51425 0.000696743
1.52053 0.000222422
1.52681 0.00284808
1.5331 0.00146437
1.53938 0.000311902
1.54566 0.000274027
1.55195 0.00234501
1.55823 0.00471612
1.56451 0.00108439
1.5708 0.000151646
1.57708 0.00254168
1.58336 0.00185677
1.58965 0.00170373
1.59593 0.000265823
1.60221 0.00103019
1.6085 0.00160145
1.61478 4.44541e-05
1.62106 6.0701e-05
1.62734 8.04235e-05
1.63363 0.00193091
1.63991 0.00341208
1.64619 0.000246237
1.65248 0.00031247
1.65876 0.000205393
1.66504 0.00833159
1.67133 0.00419561
1.67761 0.00355803
1.68389 0.00148196
1.69018 0.000528137
1.69646 0.000999452
1.70274 0.000290957
1.70903 0.000989114
1.71531 0.000281919
1.72159 0.000948864
1.72788 0.00253422
1.73416 0.00283611
1.74044 0.00086374
1.74673 0.00533358
1.75301 0.000634187
1.75929 0.00675943
1.76558 4.52241e-05
1.77186 0.000889758
1.77814 0.000519799
1.78442 0.00097828
1.79071 0.00421833
1.79699 0.000752001
1.80327 0.00393014
1.80956 0.00360984
1.81584 0.00151117
1.82212 0.000893157
1.82841 0.000610934
1.83469 0.000674306
1.84097 0.000816074
1.84726 0.000632614
1.85354 2.848e-05
1.85982 0.00389433
1.86611 0.000799088
1.87239 0.00285962
1.87867 0.00366853
1.88496 0.00125723
1.89124 0.000939587
1.89752 0.00668051
1.90381 0.00272187
1.91009 0.00124849
1.91637 7.66315e-05
1.92265 0.00173113
1.92894 0.000340043
1.93522 0.000798472
1.9415 0.00425101
1.94779 0.00516684
1.95407 0.000292497
1.96035 0.00376483
1.96664 0.00107466
1.97292 0.00169
1.9792 0.00362941
1.98549 0.00249244
1.99177 0.000485876
1.99805 0.00168859
2.00434 0.00180667
2.01062 0.00131094
2.0169 0.00537105
2.02319 0.00101426
2.02947 0.0013009
2.03575 0.00155569
2.04204 0.00110417
2.04832 0.00130834
2.0546 0.00380829
2.06088 0.00135637
2.06717 0.00300657
2.07345 0.00772624
2.07973 0.000584605
2.08602 0.00125525
2.0923 0.00205117
2.09858 0.00813522
2.10487 0.00139726
2.11115 0.00162516
2.11743 0.00728264
2.12372 0.000172601
2.13 0.000292423
2.13628 0.000933153
2.14257 0.00125308
2.14885 0.000494159
2.15513 0.000561358
2.16142 0.00193949
2.1677 0.00112165
2.17398 0.00195446
2.18027 0.000437043
2.18655 0.00225553
2.19283 0.000168877
2.19911 0.000632658
2.2054 0.0042875
2.21168 0.00113929
2.21796 0.0028497
2.22425 0.000829358
2.23053 0.00268093
2.23681 0.00237174
2.2431 0.00302987
2.24938 0.000184896
2.25566 0.00240066
2.26195 0.00161952
2.26823 0.000475133
2.27451 0.000625134
2.2808 0.000850678
2.28708 4.35119e-05
2.29336 5.289e-05
2.29965 0.00159566
2.30593 0.00012609
2.31221 0.000647446
2.3185 0.00108313
2.32478 0.00516579
2.33106 0.00730479
2.33734 0.004825
2.34363 0.0011738
2.34991 0.00376772
2.35619 3.85534e-05
2.36248 0.00443463
2.36876 0.00265217
2.37504 0.00166909
2.38133 0.0018184
2.38761 0.00086092
2.39389 0.000176072
2.40018 0.000102886
2.40646 3.16234e-06
2.41274 0.00422117
2.41903 0.00440611
2.42531 0.000401418
2.43159 0.000308139
2.43788 0.00246265
2.44416 0.00155406
2.45044 0.0031243
2.45673 0.000941118
2.46301 0.00199481
2.46929 0.00113259
2.47558 0.00331861
2.48186 0.00462551
2.48814 0.000672914
2.49442 0.00432367
2.50071 7.29506e-05
2.50699 0.000838486
2.51327 0.000149639
2.51956 0.000336291
2.52584 0.000451962
2.53212 0.00152273
2.53841 0.00172021
2.54469 0.00133322
2.55097 0.00137804
2.55726 7.99045e-05
2.56354 0.00659197
2.56982 0.00279595
2.57611 0.00158574
2.58239 0.00425272
2.58867 0.00239627
2.59496 0.00235192
2.60124 0.00147395
2.60752 0.000123966
2.61381 0.00171679
2.62009 0.000476268
2.62637 0.00751398
2.63265 0.00217765
2.63894 0.00798352
2.64522 0.00021799
2.6515 0.00213211
2.65779 0.000803662
2.66407 0.00510378
2.67035 1.95782e-05
2.67664 0.00279293
2.68292 0.00550142
2.6892 0.000379335
2.69549 0.00167762
2.70177 0.000293237
2.70805 0.00141442
2.71434 0.000839323
2.72062 0.00196609
2.7269 0.00116181
2.73319 0.00935122
2.73947 0.000163386
2.74575 0.000725194
2.75204 0.00110729
2.75832 0.00258942
2.7646 0.000436154
2.77088 0.00523492
2.77717 0.00132517
2.78345 0.00104376
2.78973 0.00163988
2.79602 0.000992804
2.8023 0.00448586
2.80858 0.000776817
2.81487 0.000252207
2.82115 0.000672696
2.82743 0.00276522
2.83372 0.000355336
2.84 0.000172665
2.84628 0.00289181
2.85257 0.000446234
2.85885 0.00313356
2.86513 2.29941e-05
2.87142 0.00171547
2.8777 0.00136268
2.88398 0.00889197
2.89027 0.0011196
2.89655 0.00542696
2.90283 0.000915316
2.90911 0.00466334
2.9154 0.000141291
2.92168 0.0021529
2.92796 0.000173042
2.93425 0.00781838
2.94053 0.00135346
2.94681 0.00488873
2.9531 0.000368296
2.95938 0.00169021
2.96566 0.00548128
2.97195 0.00260225
2.97823 0.000412572
2.98451 0.00158335
2.9908 0.00165083
2.99708 0.000612771
3.00336 0.00415935
3.00965 0.000615834
3.01593 0.000924733
3.02221 0.000138168
3.0285 0.00402715
3.03478 0.00112084
3.04106 0.00690555
3.04734 0.00543279
3.05363 0.00250749
3.05991 0.00214918
3.06619 0.00217182
3.07248 0.00383143
3.07876 0.00100898
3.08504 0.00355467
3.09133 0.00104374
3.09761 7.43827e-05
3.10389 0.00121439
3.11018 0.00171601
3.11646 0.00387387
3.12274 0.000839005
3.12903 0.000476561
3.13531 0.00114788
3.14159 0.00103957
3.14788 0.000464531
3.15416 0.00110441
3.16044 0.00125607
3.16673 0.00195563
3.17301 0.00206226
3.17929 0.00336987
3.18557 0.0045149
3.19186 0.00285952
3.19814 0.00121715
3.20442 0.00132389
3.21071 0.00442182
3.21699 0.000463634
3.22327 6.39373e-05
3.22956 0.000301766
3.23584 0.000749224
3.24212 0.000689575
3.24841 0.00120491
3.25469 0.000800795
3.26097 0.00211469
3.26726 0.000277747
3.27354 0.00344408
3.27982 0.00768139
3.28611 0.000647809
3.29239 0.00225765
3.29867 0.00499187
3.30496 1.35948e-05
3.31124 0.000239712
3.31752 0.00146066
3.32381 0.00253136
3.33009 0.00228611
3.33637 0.000889849
3.34265 0.00452206
3.34894 0.00316615
3.35522 0.00157676
3.3615 0.00530717
3.36779 0.00330376
3.37407 0.00152731
3.38035 0.00518374
3.38664 0.00121893
3.39292 0.000980036
3.3992 0.00142907
3.40549 0.00342886
3.41177 0.000732175
3.41805 0.000995236
3.42434 5.37963e-05
3.43062 0.00190061
3.4369 0.00370835
3.44319 0.00172745
3.44947 0.00128484
3.45575 9.35208e-06
3.46204 0.00499804
3.46832 0.000500796
3.4746 0.000216311
3.48088 0.00322065
3.48717 0.00257213
3.49345 0.00146226
3.49973 5.95424e-05
3.50602 0.000671894
3.5123 0.00562575
3.51858 0.00370523
3.52487 0.00764959
3.53115 9.91186e-05
3.53743 0.00124479
3.54372 0.00163292
3.55 0.00508305
3.55628 0.00308325
3.56257 0.00148966
3.56885 0.000171901
3.57513 0.00279686
3.58142 0.00199567
3.5877 0.00216884
3.59398 0.00320276
3.60027 0.00742903
3.60655 0.00118782
3.61283 0.000972421
3.61911 0.000602783
3.6254 0.000476116
3.63168 0.00065774
3.63796 0.00503238
3.64425 0.000139587
3.65053 0.00227126
3.65681 0.00329346
3.6631 0.00365849
3.66938 0.00222963
3.67566 0.000841626
3.68195 0.000448429
3.68823 0.00202787
3.69451 0.00364423
3.7008 0.000690431
3.70708 0.00336931
3.71336 0.000261738
3.71965 0.000400065
3.72593 0.00281965
3.73221 0.000731119
3.7385 0.00306475
3.74478 0.000358703
3.75106 0.00339909
3.75734 0.00281951
3.76363 0.00184289
3.76991 0.000260817
3.77619 0.00215487
3.78248 0.000240492
3.78876 0.000648858
3.79504 0.0027939
3.80133 0.000442452
3.80761 0.00059498
3.81389 0.000639961
3.82018 0.0023093
3.82646 0.013564
3.83274 0.000461891
3.83903 0.000500132
3.84531 0.00203799
3.85159 0.000497379
3.85788 0.00348462
3.86416 0.00194427
3.87044 0.000693695
3.87673 0.00153454
3.88301 0.000946535
3.88929 0.00365169
3.89557 0.00118542
3.90186 0.00105123
3.90814 0.00228907
3.91442 0.00183214
3.92071 0.00214184
3.92699 0.000318557
3.93327 0.00104041
3.93956 0.000935302
3.94584 0.00223691
3.95212 0.0016091
3.95841 0.00253168
3.96469 0.00847944
3.97097 0.00301589
3.97726 5.9284e-05
3.98354 0.00309057
3.98982 0.000385765
3.99611 0.00136795
4.00239 0.000895812
4.00867 0.000668269
4.01496 0.000499921
4.02124 0.00512153
4.02752 0.00584354
4.0338 0.00165438
4.04009 0.000754003
4.04637 0.00266935
4.05265 0.0021415
4.05894 0.000140175
4.06522 0.00352583
4.0715 0.00102821
4.07779 0.00368183
4.08407 0.00224105
4.09035 0.00209073
4.09664 0.00228721
4.10292 0.000358568
4.1092 4.90502e-05
4.11549 0.00269569
4.12177 0.000794896
4.12805 0.000391476
4.13434 4.00632e-05
4.14062 0.00297178
4.1469 0.00246576
4.15319 0.0044913
4.15947 0.000322443
4.16575 0.00198469
4.17204 0.000412748
4.17832 0.00100606
4.1846 0.00132817
4.19088 0.000322323
4.19717 0.00095108
4.20345 0.00318424
4.20973 0.000126481
4.21602 7.81559e-05
4.2223 3.68259e-05
4.22858 0.000298262
4.23487 0.000770521
4.24115 0.00108574
4.24743 0.00187886
4.25372 0.00114185
4.26 0.00264375
4.26628 0.00118034
4.27257 0.0011164
4.27885 0.00171121
4.28513 0.000609651
4.29142 0.00249326
4.2977 2.62594e-05
4.30398 0.00457655
4.31027 0.000291125
4.31655 0.00170814
4.32283 0.00188351
4.32911 0.00235003
4.3354 0.000847176
4.34168 0.00220064
4.34796 0.00823008
4.35425 0.000548882
4.36053 0.00669633
4.36681 0.00899467
4.3731 0.00164077
4.37938 0.00020546
4.38566 0.00642555
4.39195 0.00299932
4.39823 0.000628733
4.40451 0.00201827
4.4108 0.00625574
4.41708 0.000111909
4.42336 0.00112867
4.42965 0.000915005
4.43593 0.00129712
4.44221 0.00158549
4.4485 0.00081832
4.45478 0.00280103
4.46106 0.000199237
4.46734 0.00110216
4.47363 0.000536795
4.47991 0.000169343
4.48619 0.000150358
4.49248 0.000277752
4.49876 0.00284195
4.50504 0.00153564
4.51133 0.00033376
4.51761 0.00172227
4.52389 0.000588242
4.53018 4.06294e-05
4.53646 0.000687404
4.54274 0.00103817
4.54903 0.000625616
4.55531 0.00763566
4.56159 0.00231855
4.56788 0.0010498
4.57416 0.0041905
4.58044 0.00387493
4.58673 0.000799837
4.59301 0.00132454
4.59929 0.00118923
4.60557 0.00231795
4.61186 0.00147522
4.61814 0.000837437
4.62442 0.00265089
4.63071 0.00316103
4.63699 0.00470535
4.64327 0.00152821
4.64956 0.000223877
4.65584 0.00157711
4.66212 0.00167524
4.66841 0.0044673
4.67469 0.01106
4.68097 0.00176561
4.68726 0.00130603
4.69354 0.000764106
4.69982 0.00106738
4.70611 0.00627983
4.71239 7.14636e-05
4.71867 0.00227252
4.72496 0.00087565
4.73124 0.0019334
4.73752 0.00101899
4.7438 0.00185471
4.75009 0.00233633
4.75637 0.00159285
4.76265 0.00418731
4.76894 0.00116877
4.77522 0.00133748
4.7815 0.00610783
4.78779 0.000159916
4.79407 9.46731e-05
4.80035 0.000346223
4.80664 0.00247093
4.81292 0.000616578
4.8192 8.70218e-05
4.82549 0.00468519
4.83177 0.00170644
4.83805 0.00277028
4.84434 0.000107818
4.85062 9.13196e-05
4.8569 0.00019343
4.86319 0.002644
4.86947 0.00251474
4.87575 0.000888647
4.88203 5.57557e-05
4.88832 0.00061596
4.8946 0.000956658
4.90088 0.00302695
4.90717 0.000420591
4.91345 0.0012892
4.91973 0.00014917
4.92602 0.000138091
4.9323 0.00357331
4.93858 0.000162481
4.94487 0.00448284
4.95115 0.000989405
4.95743 0.000466635
4.96372 0.00115842
4.97 0.000959609
4.97628 0.000107381
4.98257 0.0026491
4.98885 0.00508623
4.99513 0.000739918
5.00142 0.000125968
5.0077 0.0019786
5.01398 0.00106908
5.02027 1.45932e-05
5.02655 0.000111285
5.03283 0.000662267
5.03911 0.00129954
5.0454 0.000136955
5.05168 0.00401159
5.05796 0.00756057
5.06425 0.000160853
5.07053 0.000228005
5.07681 0.00338939
5.0831 0.00251117
5.08938 0.00178875
5.09566 0.00142888
5.10195 0.00284701
5.10823 0.00215032
5.11451 0.000101544
5.1208 0.00183506
5.12708 0.00099173
5.13336 0.000745541
5.13965 0.000970687
5.14593 0.00371462
5.15221 0.000265725
5.1585 0.00181564
5.16478 0.00315756
5.17106 0.00334124
5.17734 0.000916394
5.18363 0.000465731
5.18991 0.00405526
5.19619 0.00134638
5.20248 0.00349029
5.20876 0.000545375
5.21504 0.00142635
5.22133 0.00120541
5.22761 0.00994283
5.23389 0.000969799
5.24018 0.000871233
5.24646 0.000969474
5.25274 0.000605061
5.25903 0.00134863
5.26531 0.00419506
5.27159 0.00322651
5.27788 0.0013915
5.28416 0.00243006
5.29044 0.00100079
5.29673 0.00647365
5.30301 0.00039846
5.30929 0.0111419
5.31557 0.0021164
5.32186 0.000234213
5.32814 0.0015919
5.33442 0.00589279
5.34071 0.00141349
5.34699 0.00835584
5.35327 0.000937951
5.35956 0.00794
5.36584 0.00115882
5.37212 0.000177
5.37841 0.00456475
5.38469 0.00164004
5.39097 0.00334303
5.39726 0.00306187
5.40354 5.51088e-05
5.40982 0.00753276
5.41611 0.00519349
5.42239 0.00074635
5.42867 0.00237635
5.43496 0.000643501
5.44124 0.000368658
5.44752 0.00116913
5.4538 0.00199362
5.46009 0.00247024
5.46637 9.44718e-05
5.47265 0.00301182
5.47894 0.000759169
5.48522 0.0004281
5.4915 4.969e-05
5.49779 0.00337345
5.50407 0.000331593
5.51035 0.000789943
5.51664 0.00453366
5.52292 0.00551861
5.5292 0.000268223
5.53549 0.000610949
5.54177 0.00142551
5.54805 0.000282572
5.55434 0.000269581
5.56062 0.00246917
5.5669 0.000209705
5.57319 0.00523975
5.57947 0.00498486
5.58575 0.00274391
5.59203 0.000199039
5.59832 5.59206e-05
5.6046 0.00187034
5.61088 0.00291832
5.61717 0.00157243
5.62345 0.00253719
5.62973 0.00188101
5.63602 0.00156104
5.6423 0.000508216
5.64858 0.00430629
5.65487 0.00177644
5.66115 0.00240627
5.66743 0.00251493
5.67372 0.00325485
5.68 0.000896233
5.68628 0.000162921
5.69257 0.00224736
5.69885 0.00394249
5.70513 0.00541804
5.71142 0.000725912
5.7177 0.00398791
5.72398 0.00286825
5.73027 0.000233382
5.73655 0.000201522
5.74283 0.00170238
5.74911 0.00039746
5.7554 0.00204212
5.76168 2.51058e-05
5.76796 0.000278175
5.77425 0.00697351
5.78053 0.000297832
5.78681 0.000518132
5.7931 0.00113421
5.79938 0.00363167
5.80566 0.000329992
5.81195 0.00144958
5.81823 0.00200456
5.82451 0.000139524
5.8308 0.00211159
5.83708 0.000380795
5.84336 0.00290161
5.84965 0.00180125
5.85593 0.0045705
5.86221 0.000212304
5.8685 0.00165839
5.87478 0.00111339
5.88106 0.00036901
5.88734 0.00180733
5.89363 0.00183151
5.89991 0.00313234
5.90619 0.0030087
5.91248 0.000881477
5.91876 0.00128251
5.92504 0.000127375
5.93133 0.000972797
5.93761 0.00281939
5.94389 0.00101216
5.95018 0.000241963
5.95646 0.00735037
5.96274 0.00046559
5.96903 0.00181471
5.97531 0.00468772
5.98159 0.00188037
5.98788 0.000464028
5.99416 0.000107666
6.00044 0.00235728
6.00673 0.00129881
6.01301 0.00371599
6.01929 0.00037832
6.02557 0.00069613
6.03186 0.0055276
6.03814 0.000339516
6.04442 0.000687404
6.05071 0.00580791
6.05699 0.00376977
6.06327 0.00188942
6.06956 0.000635492
6.07584 0.00296201
6.08212 0.000638335
6.08841 0.0016915
6.09469 0.00359992
6.10097 0.00252099
6.10726 0.000727035
6.11354 0.000146957
6.11982 0.00173928
6.12611 0.00135527
6.13239 0.00473809
6.13867 0.00188435
6.14496 0.000601581
6.15124 0.0040716
6.15752 0.000286722
6.1638 0.00226992
6.17009 0.00109276
6.17637 3.5299e-05
6.18265 0.00227849
6.18894 0.00027035
6.19522 0.00258568
6.2015 0.000650982
6.20779 0.00242029
6.21407 0.00760843
6.22035 6.84715e-05
6.22664 0.0014089
6.23292 0.000354331
6.2392 0.00520131
6.24549 0.00231161
6.25177 8.65855e-06
6.25805 0.00170632
6.26434 0.00178086
6.27062 8.375e-05
6.2769 0.00306011
6.28319 0.011117
6.28947 0.00236067
6.29575 0.00400787
6.30203 5.8196e-05
6.30832 0.000894001
6.3146 0.000842405
6.32088 0.00258094
6.32717 5.99343e-05
6.33345 0.00237858
6.33973 0.00307743
6.34602 0.00935816
6.3523 0.0050154
6.35858 0.000435976
6.36487 0.000271947
6.37115 0.000356529
6.37743 0.00105823
6.38372 0.000970303
6.39 0.00577076
6.39628 0.000350366
6.40257 0.00426634
6.40885 0.000708186
6.41513 0.00025353
6.42142 0.00428024
6.4277 0.00126864
6.43398 0.0028325
6.44026 0.0011264
