0.00628319 0
0.0125664 0.000588528
0.0188496 0.00272832
0.0251327 0.00852557
0.0314159 0.0142079
0.0376991 0.0183375
0.0439823 0.019444
0.0502655 0.0281596
0.0565487 0.0131111
0.0628319 0.0127732
0.069115 0.0263226
0.0753982 0.0401639
0.0816814 0.00362956
0.0879646 0.0198345
0.0942478 0.0347043
0.100531 0.0262835
0.106814 0.0483642
0.113097 0.00192867
0.119381 0.0234413
0.125664 0.0080231
0.131947 0.0134133
0.13823 0.021958
0.144513 0.00713433
0.150796 0.0673654
0.15708 0.157342
0.163363 0.0253798
0.169646 0.0164714
0.175929 0.0319683
0.182212 0.00599084
0.188496 0.071971
0.194779 0.0350844
0.201062 0.0771185
0.207345 0.0501995
0.213628 0.0105951
0.219911 0.00209992
0.226195 0.023109
0.232478 0.0670293
0.238761 0.104493
0.245044 0.00991492
0.251327 0.00619154
0.257611 0.00132169
0.263894 0.0410513
0.270177 0.0625098
0.27646 0.00226975
0.282743 0.0131918
0.289027 0.0424756
0.29531 0.0710882
0.301593 0.0650651
0.307876 0.00107376
0.314159 0.0383358
0.320442 0.0163574
0.326726 0.00987118
0.333009 0.0735362
0.339292 0.0472932
0.345575 0.0218951
0.351858 0.0313299
0.358142 0.0292792
0.364425 0.00574481
0.370708 0.00726418
0.376991 0.00952416
0.383274 0.0344357
0.389557 0.0658369
0.395841 0.00452249
0.402124 0.00111829
0.408407 0.0283151
0.41469 0.069853
0.420973 0.0146658
0.427257 0.0165014
0.43354 0.041595
0.439823 0.0323207
0.446106 0.0228662
0.452389 0.00236528
0.458673 0.0184023
0.464956 0.0335841
0.471239 0.0656372
0.477522 0.000695301
0.483805 0.0213457
0.490088 0.00357594
0.496372 0.0312817
0.502655 0.0149497
0.508938 0.0505639
0.515221 0.00549159
0.521504 0.0272825
0.527788 0.0136312
0.534071 0.00394324
0.540354 0.0731871
0.546637 0.0266691
0.55292 0.00989071
0.559203 0.0176891
0.565487 0.0479555
0.57177 0.00437037
0.578053 0.0348939
0.584336 0.0203057
0.590619 0.03126
0.596903 0.015681
0.603186 0.00875632
0.609469 0.0256604
0.615752 0.0180556
0.622035 0.0165455
0.628319 0.00291182
0.634602 0.0106981
0.640885 0.00129994
0.647168 0.0151064
0.653451 0.0125605
0.659734 0.00433107
0.666018 0.00274971
0.672301 0.0162844
0.678584 0.00910625
0.684867 0.0251035
0.69115 0.00984456
0.697434 0.00225407
0.703717 0.0332157
0.71 0.023828
0.716283 0.00955914
0.722566 0.00712565
0.728849 0.0285611
0.735133 0.0387481
0.741416 0.0145488
0.747699 0.00488983
0.753982 0.00863773
0.760265 0.00839728
0.766549 0.0312357
0.772832 0.00247022
0.779115 0.00499069
0.785398 0.00714941
0.791681 0.00934798
0.797965 0.00885267
0.804248 0.00821346
0.810531 0.0219935
0.816814 0.0150797
0.823097 7.20891e-05
0.82938 0.0150525
0.835664 0.0442016
0.841947 0.00248521
0.84823 0.0223779
0.854513 0.00568688
0.860796 0.0200199
0.86708 0.0284986
0.873363 0.00189501
0.879646 0.0298214
0.885929 0.0155664
0.892212 0.000102871
0.898495 0.0101479
0.904779 0.0237495
0.911062 0.00855924
0.917345 0.0241123
0.923628 0.00754257
0.929911 0.0044485
0.936195 0.00895844
0.942478 0.0140884
0.948761 0.0247835
0.955044 0.007172
0.961327 0.0642732
0.967611 0.0417914
0.973894 0.00368401
0.980177 0.000665332
0.98646 0.0357998
0.992743 0.00233375
0.999026 0.010178
1.00531 0.00152537
1.01159 0.0230998
1.01788 0.0102549
1.02416 0.00629318
1.03044 0.0270496
1.03673 0.00294171
1.04301 0.0040312
1.04929 0.0130686
1.05558 0.025128
1.06186 0.00664367
1.06814 0.0288554
1.07442 0.000870364
1.08071 0.0209879
1.08699 0.0104767
1.09327 0.00931305
1.09956 0.00427893
1.10584 0.00736627
1.11212 0.00801499
1.11841 0.00851699
1.12469 0.0119092
1.13097 0.0210286
1.13726 0.00505839
1.14354 0.005296
1.14982 0.00205894
1.15611 0.00259792
1.16239 0.012664
1.16867 0.0147284
1.17496 0.00663649
1.18124 0.00923097
1.18752 0.00397172
1.19381 0.0238008
1.20009 0.0490072
1.20637 0.0198454
1.21265 0.0166795
1.21894 0.0060036
1.22522 0.0293881
1.2315 0.00670379
1.23779 0.00772394
1.24407 0.017713
1.25035 0.0154649
1.25664 0.0151229
1.26292 0.00195456
1.2692 0.0292057
1.27549 0.0402142
1.28177 0.00181645
1.28805 0.00411861
1.29434 0.00419698
1.30062 0.00338389
1.3069 0.0019053
1.31319 0.00202107
1.31947 0.00285394
1.32575 0.00117941
1.33204 0.00533116
1.33832 0.01399
1.3446 0.0016174
1.35088 0.00981936
1.35717 0.00991376
1.36345 0.0235301
1.36973 0.00619401
1.37602 0.0100506
1.3823 0.00628088
1.38858 0.00222172
1.39487 0.0250521
1.40115 0.000438035
1.40743 0.00915314
1.41372 0.000907004
1.42 0.00406802
1.42628 0.0438674
1.43257 0.00661698
1.43885 0.0106091
1.44513 0.00387923
1.45142 0.0127681
1.4577 0.00576011
1.46398 0.0221214
1.47027 0.00586995
1.47655 0.00373322
1.48283 0.0219334
1.48911 0.00848815
1.4954 0.0062209
1.50168 0.00150585
1.50796 0.0134178
1.51425 0.011966
1.52053 0.00108973
1.52681 0.0164649
1.5331 0.00874878
1.53938 0.00785046
1.54566 0.00236941
1.55195 0.00273004
1.55823 0.0235241
1.56451 0.00912571
1.5708 0.000593757
1.57708 0.00268127
1.58336 0.00654153
1.58965 0.00854468
1.59593 0.00434057
1.60221 0.00617708
1.6085 0.00434552
1.61478 0.00298974
1.62106 0.00617539
1.62734 0.0342041
1.63363 0.00643763
1.63991 0.00109029
1.64619 0.00371543
1.65248 0.00309655
1.65876 0.00640581
1.66504 0.0045472
1.67133 0.0171977
1.67761 0.0118894
1.68389 0.00618311
1.69018 0.00663479
1.69646 0.00846386
1.70274 0.00139831
1.70903 0.00194179
1.71531 0.00363124
1.72159 0.00644171
1.72788 0.00115561
1.73416 0.000106408
1.74044 0.00558155
1.74673 0.00569993
1.75301 0.00969687
1.75929 0.00906035
1.76558 0.00512795
1.77186 0.00403686
1.77814 0.00797694
1.78442 0.000336392
1.79071 7.16568e-05
1.79699 0.015664
1.80327 0.0061819
1.80956 0.0339118
1.81584 0.0011711
1.82212 0.00147619
1.82841 0.00249169
1.83469 1.73718e-05
1.84097 0.00581435
1.84726 0.00393503
1.85354 0.00228262
1.85982 0.011878
1.86611 0.00532161
1.87239 0.00913329
1.87867 0.00647002
1.88496 0.0142675
1.89124 0.000619995
1.89752 0.00133904
1.90381 0.00867491
1.91009 0.00565156
1.91637 0.000235994
1.92265 0.0118871
1.92894 2.84976e-05
1.93522 0.00317942
1.9415 0.000441828
1.94779 0.00545187
1.95407 0.0296909
1.96035 0.00547254
1.96664 0.0156325
1.97292 0.00925781
1.9792 0.00223312
1.98549 0.000950318
1.99177 0.00767065
1.99805 0.0018556
2.00434 0.011455
2.01062 0.0054215
2.0169 0.00228572
2.02319 0.00115558
2.02947 0.000730018
2.03575 0.00717839
2.04204 0.000789013
2.04832 0.000667059
2.0546 0.0178555
2.06088 0.0034923
2.06717 0.000188348
2.07345 0.00611135
2.07973 0.0175493
2.08602 0.0142014
2.0923 0.0182574
2.09858 0.00254014
2.10487 0.000266903
2.11115 7.77295e-05
2.11743 0.00199687
2.12372 0.0112355
2.13 0.000468548
2.13628 9.50225e-05
2.14257 0.0171507
2.14885 0.0115744
2.15513 0.00352164
2.16142 0.000683606
2.1677 0.0053371
2.17398 0.00704152
2.18027 0.00345499
2.18655 0.00110981
2.19283 0.00324672
2.19911 0.00267517
2.2054 0.011717
2.21168 0.000136621
2.21796 0.00358558
2.22425 0.00682087
2.23053 0.00821581
2.23681 0.00311668
2.2431 0.000409569
2.24938 0.0184782
2.25566 0.0123124
2.26195 0.00201912
2.26823 0.000439213
2.27451 0.000311628
2.2808 0.00358121
2.28708 0.00845993
2.29336 0.0102741
2.29965 0.000630025
2.30593 0.00179955
2.31221 0.00134143
2.3185 0.00150649
2.32478 0.00447437
2.33106 0.0123413
2.33734 0.00416637
2.34363 0.00304392
2.34991 0.000776642
2.35619 0.000610108
2.36248 0.00164568
2.36876 0.000677291
2.37504 0.00250699
2.38133 0.0125573
2.38761 0.00362592
2.39389 0.000361461
2.40018 0.00390524
2.40646 0.00102315
2.41274 0.00700333
2.41903 0.000338092
2.42531 0.000341321
2.43159 0.00463956
2.43788 0.00979168
2.44416 0.00527017
2.45044 0.000968397
2.45673 0.0011544
2.46301 0.00543499
2.46929 0.00131919
2.47558 0.003707
2.48186 0.010092
2.48814 0.00186666
2.49442 0.00412941
2.50071 0.00612104
2.50699 0.00218944
2.51327 0.00735543
2.51956 0.0104341
2.52584 0.00582767
2.53212 0.000730423
2.53841 0.00680468
2.54469 0.000436767
2.55097 0.0198792
2.55726 0.0156281
2.56354 0.00157073
2.56982 0.010363
2.57611 0.0020441
2.58239 0.0027752
2.58867 0.0022248
2.59496 0.00103681
2.60124 0.0112077
2.60752 0.00238949
2.61381 0.00108729
2.62009 0.00812293
2.62637 0.00255765
2.63265 0.0118506
2.63894 7.46958e-06
2.64522 0.00788008
2.6515 0.00425981
2.65779 0.0127916
2.66407 0.00199249
2.67035 0.0241701
2.67664 0.00185789
2.68292 0.000567526
2.6892 0.000823401
2.69549 0.00565278
2.70177 0.00669358
2.70805 0.00168599
2.71434 0.00420409
2.72062 9.98154e-05
2.7269 0.00469399
2.73319 0.00653526
2.73947 0.00524259
2.74575 0.000910832
2.75204 0.0175491
2.75832 0.00262325
2.7646 0.00423724
2.77088 0.000141814
2.77717 0.000848373
2.78345 0.0171039
2.78973 0.0127986
2.79602 0.00526234
2.8023 0.00122067
2.80858 0.0192945
2.81487 0.00273718
2.82115 0.0015169
2.82743 0.00212923
2.83372 0.00135249
2.84 0.00482763
2.84628 0.00676856
2.85257 0.00313242
2.85885 0.00261658
2.86513 0.000198838
2.87142 0.00117718
2.8777 1.95631e-05
2.88398 0.00926641
2.89027 0.0017397
2.89655 0.00481325
2.90283 7.07049e-06
2.90911 0.00630226
2.9154 0.0011992
2.92168 0.001106
2.92796 0.00491296
2.93425 0.000522872
2.94053 0.0045407
2.94681 0.00145653
2.9531 0.00255305
2.95938 0.00249288
2.96566 0.00213881
2.97195 0.00665708
2.97823 0.00162325
2.98451 5.79909e-05
2.9908 0.000466975
2.99708 0.00289042
3.00336 0.00179295
3.00965 0.00112463
3.01593 0.00436297
3.02221 0.000906324
3.0285 0.00695795
3.03478 0.00167666
3.04106 0.0024236
3.04734 0.00131055
3.05363 0.00142194
3.05991 0.00056965
3.06619 0.00824038
3.07248 0.00061564
3.07876 0.00291822
3.08504 0.0183637
3.09133 0.00083792
3.09761 0.000188916
3.10389 0.00558892
3.11018 0.000340632
3.11646 0.00476195
3.12274 0.000863307
3.12903 0.0109793
3.13531 0.0145259
3.14159 0.00685228
3.14788 0.00221907
3.15416 0.00199527
3.16044 0.00469169
3.16673 0.00281989
3.17301 0.0112275
3.17929 0.00149255
3.18557 0.010027
3.19186 0.00296577
3.19814 0.0064411
3.20442 0.000127656
3.21071 0.0122893
3.21699 0.00535347
3.22327 0.00306506
3.22956 0.0133007
3.23584 0.000800316
3.24212 0.0010529
3.24841 0.0118047
3.25469 0.00834676
3.26097 0.00166382
3.26726 0.0035636
3.27354 0.00103067
3.27982 0.000811362
3.28611 0.00310207
3.29239 0.0012972
3.29867 0.00680895
3.30496 0.00112333
3.31124 0.000983991
3.31752 0.00545125
3.32381 0.00413132
3.33009 0.00704793
3.33637 0.00179596
3.34265 0.00150113
3.34894 0.000952987
3.35522 0.00380771
3.3615 8.23025e-05
3.36779 0.00755269
3.37407 0.00529328
3.38035 0.000237778
3.38664 0.000951393
3.39292 0.00236359
3.3992 0.00261925
3.40549 0.00103911
3.41177 0.00403232
3.41805 0.00637791
3.42434 0.000879147
3.43062 0.00511444
3.4369 0.000763199
3.44319 0.00550536
3.44947 0.000336692
3.45575 0.00151417
3.46204 0.0116246
3.46832 0.00295556
3.4746 0.00316657
3.48088 8.87698e-05
3.48717 0.00200465
3.49345 0.00865941
3.49973 0.00690847
3.50602 0.00336188
3.5123 0.00329585
3.51858 0.000117125
3.52487 0.000238498
3.53115 0.00778102
3.53743 9.38218e-05
3.54372 0.00219883
3.55 0.000232123
3.55628 0.00468395
3.56257 0.00333231
3.56885 0.00226516
3.57513 0.00798426
3.58142 0.00993291
3.5877 0.00646403
3.59398 0.000756853
3.60027 0.00412545
3.60655 0.00216431
3.61283 0.00155457
3.61911 0.00289162
3.6254 0.00161418
3.63168 0.0032935
3.63796 0.000803994
3.64425 0.00903984
3.65053 0.00138815
3.65681 0.00191127
3.6631 0.00187043
3.66938 0.000421769
3.67566 0.00260957
3.68195 0.000676441
3.68823 0.00334179
3.69451 0.00288669
3.7008 0.00166852
3.70708 0.00176869
3.71336 0.00311215
3.71965 0.000179196
3.72593 0.00302799
3.73221 0.00642144
3.7385 0.00290186
3.74478 0.00451233
3.75106 0.00345398
3.75734 0.012434
3.76363 0.0014003
3.76991 0.00523506
3.77619 0.00111931
3.78248 0.000177788
3.78876 0.0035975
3.79504 0.0017369
3.80133 0.00262283
3.80761 0.000835416
3.81389 0.000364307
3.82018 0.000224167
3.82646 0.00202447
3.83274 0.000121052
3.83903 0.00187685
3.84531 0.00139609
3.85159 0.00255957
3.85788 0.0171952
3.86416 0.00107869
3.87044 0.00506608
3.87673 0.00731738
3.88301 0.0100356
3.88929 0.00101236
3.89557 0.00561068
3.90186 0.00320063
3.90814 0.000150786
3.91442 0.0010356
3.92071 0.00362167
3.92699 0.000482446
3.93327 0.00284969
3.93956 0.00434251
3.94584 0.000836067
3.95212 0.00108178
3.95841 0.00235989
3.96469 0.00218152
3.97097 0.00704665
3.97726 0.000127651
3.98354 0.00551749
3.98982 0.000851413
3.99611 0.000411537
4.00239 0.00234091
4.00867 0.00379093
4.01496 0.00455792
4.02124 0.000229906
4.02752 1.33458e-06
4.0338 0.00141239
4.04009 0.00324939
4.04637 0.00157028
4.05265 0.00413417
4.05894 0.00425311
4.06522 0.00178643
4.0715 0.00264124
4.07779 0.00247772
4.08407 0.00011554
4.09035 0.0012116
4.09664 0.000514662
4.10292 0.00286132
4.1092 0.000591255
4.11549 0.00137383
4.12177 5.56469e-05
4.12805 0.00334572
4.13434 0.00616199
4.14062 0.00510993
4.1469 0.00224107
4.15319 0.00148436
4.15947 0.000305013
4.16575 0.00262696
4.17204 0.00241858
4.17832 0.00399582
4.1846 0.00220267
4.19088 0.00237395
4.19717 0.00543868
4.20345 0.00585862
4.20973 0.000833907
4.21602 0.00124762
4.2223 0.00289698
4.22858 0.0016174
4.23487 0.000490968
4.24115 0.00276523
4.24743 0.000311726
4.25372 0.00325952
4.26 0.00195504
4.26628 0.000905337
4.27257 0.000671703
4.27885 0.00521987
4.28513 0.000499676
4.29142 0.0101508
4.2977 0.000300891
4.30398 0.001275
4.31027 0.00108531
4.31655 0.00422835
4.32283 0.00623181
4.32911 0.00202144
4.3354 0.00243813
4.34168 0.000779546
4.34796 0.00052293
4.35425 0.00288709
4.36053 0.00499639
4.36681 0.00291762
4.3731 0.000300332
4.37938 0.0040042
4.38566 0.0011114
4.39195 0.00206233
4.39823 0.00546575
4.40451 0.00431476
4.4108 0.000927974
4.41708 0.00385213
4.42336 0.000828879
4.42965 0.00332701
4.43593 0.000371284
4.44221 0.0081128
4.4485 0.00107949
4.45478 0.00222775
4.46106 0.0106523
4.46734 0.00118592
4.47363 0.00631548
4.47991 0.00162151
4.48619 0.00312051
4.49248 0.00422608
4.49876 0.00049714
4.50504 0.000972544
4.51133 0.000912993
4.51761 0.00062327
4.52389 0.00345097
4.53018 0.000169104
4.53646 4.15711e-05
4.54274 0.000183412
4.54903 0.00545346
4.55531 0.000429048
4.56159 0.000192968
4.56788 0.000686939
4.57416 2.07014e-05
4.58044 0.000556579
4.58673 0.000291416
4.59301 0.00128463
4.59929 0.00244617
4.60557 0.000400263
4.61186 0.0069363
4.61814 0.000840755
4.62442 0.000600642
4.63071 0.0142186
4.63699 0.00448239
4.64327 0.00024223
4.64956 0.000578926
4.65584 0.000546641
4.66212 0.000927149
4.66841 0.00169304
4.67469 0.00143401
4.68097 0.00405314
4.68726 0.00489351
4.69354 0.0011796
4.69982 0.00190503
4.70611 0.00292648
4.71239 0.00833315
4.71867 0.00646184
4.72496 0.003687
4.73124 4.98129e-05
4.73752 0.00310914
4.7438 0.00364774
4.75009 0.00297373
4.75637 0.00104535
4.76265 0.0002371
4.76894 0.00389066
4.77522 0.00436893
4.7815 0.00626271
4.78779 0.000625994
4.79407 0.000174186
4.80035 0.00185719
4.80664 0.00378855
4.81292 0.00314729
4.8192 0.000674463
4.82549 0.0041154
4.83177 0.00949898
4.83805 0.000396667
4.84434 0.000397914
4.85062 0.00234775
4.8569 0.00626628
4.86319 0.000873937
4.86947 0.000269375
4.87575 0.000767605
4.88203 0.00861019
4.88832 0.00130363
4.8946 0.00368871
4.90088 0.00775247
4.90717 0.000223201
4.91345 0.000828659
4.91973 0.00450418
4.92602 0.0034317
4.9323 0.000776569
4.93858 0.00346426
4.94487 0.000707491
4.95115 0.000945526
4.95743 0.000319814
4.96372 0.000840405
4.97 0.00608652
4.97628 0.000544235
4.98257 0.0028976
4.98885 0.00230429
4.99513 0.000258972
5.00142 0.000388476
5.0077 0.00721505
5.01398 0.00343611
5.02027 0.00113966
5.02655 0.00110279
5.03283 0.000417536
5.03911 0.000840529
5.0454 0.00159432
5.05168 0.00121898
5.05796 0.00446556
5.06425 0.00296659
5.07053 0.000711729
5.07681 0.000345446
5.0831 0.00159834
5.08938 0.00111718
5.09566 0.0032195
5.10195 0.00268695
5.10823 0.00069703
5.11451 0.001457
5.1208 0.00484062
5.12708 0.0039926
5.13336 0.000510688
5.13965 0.00113156
5.14593 0.00566703
5.15221 0.000230833
5.1585 0.0018336
5.16478 0.00188462
5.17106 0.000911111
5.17734 0.00391817
5.18363 0.00196595
5.18991 0.00630144
5.19619 0.000766807
5.20248 0.00183384
5.20876 0.0029209
5.21504 0.00088513
5.22133 0.00172266
5.22761 0.00324613
5.23389 0.00158908
5.24018 0.00550388
5.24646 0.00261356
5.25274 3.21411e-05
5.25903 0.00174641
5.26531 0.00303713
5.27159 0.000202952
5.27788 0.0013797
5.28416 0.00112674
5.29044 0.00292159
5.29673 0.00169154
5.30301 0.00313378
5.30929 0.000923406
5.31557 7.74835e-05
5.32186 0.00372597
5.32814 4.29321e-05
5.33442 0.00962601
5.34071 0.00212752
5.34699 0.00100063
5.35327 0.00199105
5.35956 0.00212735
5.36584 0.0013455
5.37212 0.000291046
5.37841 0.00224653
5.38469 0.0133664
5.39097 0.00382272
5.39726 0.0029762
5.40354 0.00390818
5.40982 0.00377295
5.41611 0.00080464
5.42239 0.00223417
5.42867 0.000131232
5.43496 0.00334035
5.44124 0.00895263
5.44752 0.00060567
5.4538 0.00168042
5.46009 0.000504164
5.46637 0.00197878
5.47265 0.00322328
5.47894 0.00193174
5.48522 0.00125005
5.4915 0.000185133
5.49779 0.0032079
5.50407 0.00182217
5.51035 0.00335654
5.51664 1.95111e-05
5.52292 0.000291852
5.5292 0.000905341
5.53549 0.00147908
5.54177 0.00606234
5.54805 0.00190007
5.55434 0.00494575
5.56062 0.00126268
5.5669 0.00669299
5.57319 0.00124075
5.57947 0.0011567
5.58575 0.00360074
5.59203 0.00136904
5.59832 0.00149777
5.6046 0.00329154
5.61088 0.00122013
5.61717 0.000928967
5.62345 0.000306182
5.62973 0.00184754
5.63602 0.000300384
5.6423 0.00190738
5.64858 0.00198549
5.65487 0.00956789
5.66115 0.000239036
5.66743 0.0023404
5.67372 0.00022739
5.68 0.0021029
5.68628 0.00539045
5.69257 0.00125327
5.69885 0.00272891
5.70513 0.00212834
5.71142 0.0049084
5.7177 0.000361207
5.72398 0.000736288
5.73027 0.000386994
5.73655 0.00676361
5.74283 0.00414891
5.74911 0.00289445
5.7554 0.00301816
5.76168 0.000781743
5.76796 0.00249996
5.77425 0.000235821
5.78053 0.00110413
5.78681 0.000271356
5.7931 0.00281773
5.79938 0.00222056
5.80566 0.000276438
5.81195 0.00514863
5.81823 0.000433978
5.82451 0.000828627
5.8308 0.000509714
5.83708 0.000852201
5.84336 0.000544436
5.84965 0.0147645
5.85593 0.00292082
5.86221 0.0044829
5.8685 0.0047709
5.87478 0.00103248
5.88106 0.00197139
5.88734 0.00371706
5.89363 0.00168804
5.89991 0.000669422
5.90619 6.91057e-05
5.91248 0.00169498
5.91876 0.000864241
5.92504 0.00205034
5.93133 0.00371277
5.93761 0.000363302
5.94389 0.00448714
5.95018 0.00104547
5.95646 0.000951595
5.96274 0.00030582
5.96903 0.00309149
5.97531 0.00267557
5.98159 0.00167217
5.98788 0.00218689
5.99416 0.00164923
6.00044 0.000142439
6.00673 0.00185579
6.01301 0.00178995
6.01929 0.000307155
6.02557 0.000363243
6.03186 0.0044719
6.03814 0.000416514
6.04442 0.00644369
6.05071 0.00065492
6.05699 0.00207661
6.06327 0.00487697
6.06956 0.00366815
6.07584 0.0047668
6.08212 0.000297233
6.08841 0.00292847
6.09469 0.000407498
6.10097 0.00241622
6.10726 0.00240174
6.11354 0.000151304
6.11982 0.00497776
6.12611 0.00277538
6.13239 0.00107081
6.13867 0.00175136
6.14496 0.00143562
6.15124 0.00345962
6.15752 0.000929269
6.1638 0.000415676
6.17009 0.00280604
6.17637 0.00135579
6.18265 0.0012865
6.18894 0.000731307
6.19522 0.000128274
6.2015 0.00160038
6.20779 0.00490546
6.21407 0.000955077
6.22035 0.00402051
6.22664 0.00519008
6.23292 0.00233056
6.2392 0.00435772
6.24549 0.00127993
6.25177 0.00211497
6.25805 0.00383636
6.26434 0.00037627
6.27062 0.000370222
6.2769 0.00474928
6.28319 0.000361634
6.28947 0.00148576
6.29575 0.000685277
6.30203 0.00274604
6.30832 0.000944338
6.3146 0.000857322
6.32088 0.000187736
6.32717 0.00111723
6.33345 0.000197322
6.33973 0.00657979
6.34602 0.00112581
6.3523 0.000315475
6.35858 0.00413312
6.36487 0.0010421
6.37115 0.00120516
6.37743 0.0028672
6.38372 0.000374808
6.39 0.00133191
6.39628 0.00225144
6.40257 0.00106547
6.40885 0.00379537
6.41513 0.00137601
6.42142 0.00532773
6.4277 0.000836952
6.43398 0.000349618
6.44026 0.00112446
