0.00628319 0
0.0125664 0.0476364
0.0188496 0.137812
0.0251327 0.0366026
0.0314159 0.426944
0.0376991 0.0440181
0.0439823 0.0122426
0.0502655 0.100978
0.0565487 0.187948
0.0628319 0.00232066
0.069115 0.02396
0.0753982 0.0003012
0.0816814 0.0263605
0.0879646 0.0206522
0.0942478 0.00806944
0.100531 0.0538301
0.106814 0.0580666
0.113097 0.0271507
0.119381 0.00471155
0.125664 0.000144471
0.131947 0.0341314
0.13823 0.0176817
0.144513 0.00371975
0.150796 0.0221124
0.15708 0.00931467
0.163363 0.019347
0.169646 0.0052233
0.175929 0.0106938
0.182212 0.00374
0.188496 0.00333083
0.194779 0.0260761
0.201062 0.00198147
0.207345 0.0111736
0.213628 0.00127142
0.219911 0.0226029
0.226195 0.00343735
0.232478 0.00274986
0.238761 0.00430566
0.245044 7.43596e-05
0.251327 0.0130633
0.257611 0.00768948
0.263894 0.00609759
0.270177 0.01804
0.27646 0.0106709
0.282743 0.00655132
0.289027 0.000985752
0.29531 0.00489917
0.301593 0.0103585
0.307876 0.00338848
0.314159 0.000237297
0.320442 0.000946617
0.326726 0.0042383
0.333009 0.00259117
0.339292 0.00246559
0.345575 0.00474013
0.351858 0.00160326
0.358142 0.00161929
0.364425 0.000158521
0.370708 0.00290394
0.376991 0.00103239
0.383274 0.000922543
0.389557 0.000393469
0.395841 0.00411574
0.402124 0.000699179
0.408407 0.000397959
0.41469 0.000450113
0.420973 0.000391717
0.427257 0.00414528
0.43354 0.00161162
0.439823 0.00873138
0.446106 0.00652981
0.452389 0.000837652
0.458673 0.00281488
0.464956 0.00165433
0.471239 0.00154472
0.477522 0.00307553
0.483805 0.00222046
0.490088 0.000587694
0.496372 3.13255e-05
0.502655 0.000275674
0.508938 0.00139144
0.515221 0.00104741
0.521504 0.00115059
0.527788 0.00361498
0.534071 0.00450478
0.540354 5.59187e-05
0.546637 0.000656442
0.55292 3.68575e-05
0.559203 0.00459595
0.565487 0.000416522
0.57177 0.000833766
0.578053 0.004774
0.584336 0.00111946
0.590619 0.00279586
0.596903 0.00379661
0.603186 0.000308714
0.609469 0.000155561
0.615752 0.00246327
0.622035 0.000847812
0.628319 0.000937744
0.634602 0.00119458
0.640885 0.000164838
0.647168 0.00338202
0.653451 0.00117887
0.659734 0.00331091
0.666018 0.00431929
0.672301 0.00514685
0.678584 0.00398062
0.684867 0.00144753
0.69115 0.00786545
0.697434 0.00020535
0.703717 0.0062955
0.71 0.000122753
0.716283 0.0030121
0.722566 0.000334697
0.728849 5.01845e-05
0.735133 0.000145884
0.741416 0.00119968
0.747699 0.00065523
0.753982 0.00341282
0.760265 0.000291115
0.766549 0.001585
0.772832 0.000465894
0.779115 0.00180411
0.785398 0.00214452
0.791681 0.000834139
0.797965 0.00541959
0.804248 0.000610471
0.810531 0.00251709
0.816814 0.00223484
0.823097 0.00354228
0.82938 0.000608207
0.835664 0.00140406
0.841947 0.00150547
0.84823 0.00243885
0.854513 2.98248e-05
0.860796 0.000422936
0.86708 0.00332201
0.873363 0.00109652
0.879646 0.000729889
0.885929 0.000929179
0.892212 0.00384205
0.898495 0.000391985
0.904779 0.000442668
0.911062 0.00325116
0.917345 0.000524635
0.923628 0.00524459
0.929911 0.000256179
0.936195 0.000973117
0.942478 0.000207049
0.948761 0.00063864
0.955044 0.000103873
0.961327 0.00780378
0.967611 0.00403254
0.973894 0.000253032
0.980177 0.000389498
0.98646 0.00113886
0.992743 0.000698386
0.999026 0.000207997
1.00531 0.000274929
1.01159 0.0025823
1.01788 2.71417e-06
1.02416 0.000818518
1.03044 0.000340727
1.03673 0.00109749
1.04301 0.00427446
1.04929 0.00118012
1.05558 0.000882069
1.06186 0.00267117
1.06814 0.000830814
1.07442 0.00201866
1.08071 0.000469709
1.08699 0.00218993
1.09327 0.00915395
1.09956 0.000946951
1.10584 0.0026343
1.11212 0.000832282
1.11841 0.00380644
1.12469 0.000465131
1.13097 4.12635e-05
1.13726 0.00184877
1.14354 0.00188199
1.14982 0.00104694
1.15611 0.00381545
1.16239 0.00101107
1.16867 0.00516315
1.17496 0.00281761
1.18124 0.000899964
1.18752 0.000193254
1.19381 0.00180497
1.20009 0.000633544
1.20637 0.000150992
1.21265 0.00121584
1.21894 0.000407357
1.22522 0.000761762
1.2315 0.00165074
1.23779 0.00396917
1.24407 0.000705563
1.25035 0.000327769
1.25664 0.00424927
1.26292 0.00179404
1.2692 0.0031584
1.27549 0.00155499
1.28177 0.00872144
1.28805 0.000171231
1.29434 0.000228739
1.30062 0.00320122
1.3069 0.00331689
1.31319 0.00351149
1.31947 0.00239966
1.32575 0.00156835
1.33204 0.00188245
1.33832 0.000185794
1.3446 0.000479118
1.35088 2.16734e-05
1.35717 0.00417084
1.36345 0.000258428
1.36973 0.00368661
1.37602 0.00121182
1.3823 0.00569795
1.38858 0.000566794
1.39487 0.00728197
1.40115 0.00137114
1.40743 0.00708595
1.41372 0.000654085
1.42 0.000340781
1.42628 0.00427926
1.43257 4.76838e-05
1.43885 0.00253402
1.44513 3.58693e-06
1.45142 0.0068303
1.4577 0.000174772
1.46398 0.000505165
1.47027 0.0013431
1.47655 0.00137509
1.48283 0.00466811
1.48911 0.000644755
1.4954 0.00258848
1.50168 0.00528868
1.50796 0.000612296
1.51425 0.00370535
1.52053 4.22074e-05
1.52681 0.0031648
1.5331 0.000824517
1.53938 0.000828079
1.54566 0.000986831
1.55195 0.000222714
1.55823 0.000272114
1.56451 0.00153243
1.5708 0.000374025
1.57708 0.0015032
1.58336 0.000692945
1.58965 0.00198291
1.59593 0.000212568
1.60221 0.00398011
1.6085 0.00120426
1.61478 0.0024443
1.62106 0.00029073
1.62734 0.00170636
1.63363 0.000546378
1.63991 0.00143349
1.64619 0.0015728
1.65248 0.00133029
1.65876 0.0016143
1.66504 0.00485632
1.67133 0.000345992
1.67761 0.005516
1.68389 0.000870681
1.69018 0.00131128
1.69646 0.00138321
1.70274 0.000346764
1.70903 0.00208718
1.71531 0.000583568
1.72159 0.000583978
1.72788 0.000890945
1.73416 0.000293512
1.74044 0.00244612
1.74673 0.00167409
1.75301 0.000468043
1.75929 0.000316419
1.76558 0.000165307
1.77186 0.00206527
1.77814 0.000535995
1.78442 0.000139088
1.79071 0.00340113
1.79699 0.00177664
1.80327 0.00272884
1.80956 0.00689696
1.81584 0.00115351
1.82212 0.000175886
1.82841 0.00268984
1.83469 0.000707514
1.84097 0.00165206
1.84726 0.00243126
1.85354 0.00406116
1.85982 0.000378131
1.86611 0.000541569
1.87239 0.000620678
1.87867 0.00103552
1.88496 0.00223694
1.89124 0.000757345
1.89752 0.0051826
1.90381 0.00418754
1.91009 0.00122451
1.91637 0.000170306
1.92265 0.00373299
1.92894 0.00450175
1.93522 0.00221748
1.9415 0.0067404
1.94779 5.79949e-05
1.95407 0.00304419
1.96035 0.00355607
1.96664 0.00159142
1.97292 0.00275303
1.9792 0.000627289
1.98549 0.00110902
1.99177 0.000770789
1.99805 0.0040104
2.00434 3.23135e-05
2.01062 8.40388e-05
2.0169 0.00146924
2.02319 0.00125501
2.02947 0.00112009
2.03575 0.000233138
2.04204 0.00514415
2.04832 0.0040884
2.0546 0.00759426
2.06088 0.00329217
2.06717 0.000130294
2.07345 0.00132352
2.07973 0.000920716
2.08602 0.000941758
2.0923 0.00457152
2.09858 0.00143749
2.10487 0.000626909
2.11115 0.000650186
2.11743 4.84429e-05
2.12372 0.00130885
2.13 0.000731117
2.13628 0.000644849
2.14257 0.00220776
2.14885 0.00112174
2.15513 0.00541099
2.16142 2.59633e-05
2.1677 0.000647816
2.17398 0.000319401
2.18027 0.00638483
2.18655 0.00101814
2.19283 0.00174138
2.19911 0.000244432
2.2054 0.000662923
2.21168 0.00132222
2.21796 1.9825e-05
2.22425 0.0029791
2.23053 0.00124271
2.23681 0.000204074
2.2431 0.000116962
2.24938 0.00149741
2.25566 0.00165591
2.26195 0.00339688
2.26823 0.00280448
2.27451 0.00263265
2.2808 0.00085695
2.28708 0.00151438
2.29336 0.00275477
2.29965 0.000142319
2.30593 0.00320251
2.31221 0.000323053
2.3185 0.000862462
2.32478 0.00149817
2.33106 0.00103184
2.33734 0.000249418
2.34363 0.00160597
2.34991 0.00010011
2.35619 0.00120264
2.36248 0.000721229
2.36876 0.00116244
2.37504 0.00362282
2.38133 0.001376
2.38761 0.00105332
2.39389 0.000392067
2.40018 0.00052647
2.40646 0.000876132
2.41274 0.000366253
2.41903 0.00131697
2.42531 0.00289929
2.43159 0.000690603
2.43788 0.00123506
2.44416 0.00209347
2.45044 0.000299787
2.45673 0.00289076
2.46301 0.00074634
2.46929 0.00032311
2.47558 0.000299139
2.48186 0.000406095
2.48814 0.000797908
2.49442 0.00223346
2.50071 0.000291114
2.50699 0.00674406
2.51327 0.000286667
2.51956 0.00386131
2.52584 0.00223945
2.53212 0.00199836
2.53841 0.00072987
2.54469 0.00285423
2.55097 0.00166687
2.55726 0.0021168
2.56354 0.000309843
2.56982 0.000831102
2.57611 0.00196153
2.58239 0.00531465
2.58867 0.0040528
2.59496 7.20385e-05
2.60124 0.00153657
2.60752 0.0022789
2.61381 0.000360656
2.62009 0.00381953
2.62637 0.00292975
2.63265 0.00421845
2.63894 0.00471315
2.64522 0.000343794
2.6515 0.00671573
2.65779 0.00798341
2.66407 0.000624279
2.67035 0.0011147
2.67664 0.00714333
2.68292 0.00112544
2.6892 0.00168249
2.69549 0.000123598
2.70177 0.00471046
2.70805 0.00236404
2.71434 0.00256942
2.72062 0.0022672
2.7269 0.00255113
2.73319 0.00304684
2.73947 0.00212657
2.74575 0.00326196
2.75204 8.50114e-05
2.75832 0.00017711
2.7646 0.000968746
2.77088 0.000160816
2.77717 0.00257927
2.78345 0.000398576
2.78973 0.00100937
2.79602 7.83244e-05
2.8023 0.00157713
2.80858 0.000520884
2.81487 0.0013065
2.82115 0.00615199
2.82743 8.62561e-05
2.83372 0.00187698
2.84 7.54979e-05
2.84628 0.00124698
2.85257 0.00253737
2.85885 0.0021629
2.86513 0.00221221
2.87142 0.000874888
2.8777 0.00386143
2.88398 0.000110391
2.89027 0.00157593
2.89655 0.000903136
2.90283 0.000861338
2.90911 0.00149476
2.9154 0.000494454
2.92168 0.00099123
2.92796 0.00139404
2.93425 0.000727591
2.94053 0.00159126
2.94681 7.63051e-05
2.9531 0.0024443
2.95938 0.00733586
2.96566 0.00194581
2.97195 0.00217915
2.97823 0.00132374
2.98451 0.000501001
2.9908 0.00250123
2.99708 0.000961035
3.00336 0.000502156
3.00965 0.000980753
3.01593 0.000746719
3.02221 1.61921e-05
3.0285 0.0019442
3.03478 0.000201486
3.04106 0.0010874
3.04734 0.00216328
3.05363 0.00469787
3.05991 0.000138093
3.06619 0.00273447
3.07248 0.000595089
3.07876 0.000549442
3.08504 0.00174981
3.09133 0.00151678
3.09761 0.000156351
3.10389 0.00164019
3.11018 0.000319927
3.11646 0.00257663
3.12274 0.000331495
3.12903 0.00173038
3.13531 0.00446165
3.14159 0.000557758
3.14788 0.00223604
3.15416 0.000960076
3.16044 0.000658621
3.16673 0.00239474
3.17301 0.000390524
3.17929 0.000335891
3.18557 0.00207208
3.19186 0.00349881
3.19814 0.00120283
3.20442 0.00221946
3.21071 0.00437429
3.21699 0.00218692
3.22327 0.000158431
3.22956 0.00184834
3.23584 0.00158684
3.24212 0.000503056
3.24841 0.00104627
3.25469 0.00209007
3.26097 0.00139773
3.26726 0.000733336
3.27354 0.000576195
3.27982 0.000473909
3.28611 0.00180053
3.29239 0.00262362
3.29867 0.00394968
3.30496 0.00183003
3.31124 0.0012464
3.31752 0.00896843
3.32381 0.0071768
3.33009 0.000485933
3.33637 0.00440142
3.34265 0.00522971
3.34894 0.00181252
3.35522 6.56781e-05
3.3615 0.00309841
3.36779 0.00143376
3.37407 0.00337426
3.38035 0.00146243
3.38664 0.000269758
3.39292 0.000103187
3.3992 0.00149616
3.40549 0.00142282
3.41177 0.00314985
3.41805 4.39556e-05
3.42434 0.00151991
3.43062 0.00041007
3.4369 0.00705895
3.44319 0.00194953
3.44947 7.81483e-05
3.45575 0.00356538
3.46204 0.000400144
3.46832 0.0033436
3.4746 0.000926928
3.48088 0.00353807
3.48717 0.00147703
3.49345 0.000700445
3.49973 0.000653439
3.50602 0.00359304
3.5123 0.00777351
3.51858 0.000710926
3.52487 0.00611267
3.53115 0.00055906
3.53743 0.00124588
3.54372 0.0028545
3.55 0.000135025
3.55628 0.00994529
3.56257 0.00121229
3.56885 0.00196465
3.57513 0.00208135
3.58142 0.00320645
3.5877 0.00446577
3.59398 0.000905859
3.60027 0.00162064
3.60655 8.67699e-05
3.61283 0.00474117
3.61911 0.00460141
3.6254 0.00905906
3.63168 0.00052732
3.63796 2.30034e-06
3.64425 0.00584387
3.65053 0.00511159
3.65681 0.00413301
3.6631 0.00386612
3.66938 0.00925572
3.67566 0.00139154
3.68195 0.00993868
3.68823 0.00476451
3.69451 0.00102
3.7008 0.00561353
3.70708 0.000627914
3.71336 0.000826535
3.71965 0.00296141
3.72593 0.00345511
3.73221 0.00511659
3.7385 0.000952655
3.74478 0.00592399
3.75106 0.00299749
3.75734 0.000603334
3.76363 0.00355137
3.76991 0.00690246
3.77619 0.000889389
3.78248 0.000503439
3.78876 0.000413219
3.79504 0.00323806
3.80133 0.00103953
3.80761 0.00287941
3.81389 0.00134861
3.82018 0.00401376
3.82646 0.00149998
3.83274 0.000972308
3.83903 0.00326204
3.84531 4.56896e-05
3.85159 0.000525124
3.85788 0.00344057
3.86416 0.0036691
3.87044 0.000758876
3.87673 0.00233066
3.88301 0.00144863
3.88929 0.00114478
3.89557 0.00549134
3.90186 0.000905207
3.90814 0.0034713
3.91442 0.00445023
3.92071 0.00149191
3.92699 0.00178427
3.93327 0.00361748
3.93956 0.000484632
3.94584 0.000251416
3.95212 0.00186927
3.95841 7.3126e-06
3.96469 0.000297474
3.97097 0.00273686
3.97726 0.0013701
3.98354 0.000733997
3.98982 0.00265241
3.99611 0.00169704
4.00239 0.00565249
4.00867 0.0022194
4.01496 0.0012643
4.02124 3.77264e-05
4.02752 0.00202153
4.0338 0.000236732
4.04009 0.000792621
4.04637 0.00383919
4.05265 0.00145953
4.05894 0.00080698
4.06522 0.000849152
4.0715 0.00107045
4.07779 0.000348408
4.08407 0.000185077
4.09035 8.0067e-05
4.09664 0.000197448
4.10292 0.00430322
4.1092 0.0067245
4.11549 0.00401995
4.12177 0.00883942
4.12805 0.00222137
4.13434 0.00302735
4.14062 0.00356081
4.1469 0.00125414
4.15319 0.00314567
4.15947 0.000917036
4.16575 0.0072877
4.17204 0.00253646
4.17832 0.000640391
4.1846 0.0028923
4.19088 0.00674545
4.19717 2.02967e-05
4.20345 3.9684e-05
4.20973 0.00138378
4.21602 0.000500649
4.2223 0.00125361
4.22858 0.000161208
4.23487 0.000723863
4.24115 0.00140812
4.24743 0.00234741
4.25372 0.0045555
4.26 0.000218287
4.26628 0.00211663
4.27257 0.000282449
4.27885 0.00118348
4.28513 0.000465323
4.29142 0.00210766
4.2977 0.0013616
4.30398 0.00389832
4.31027 0.000121812
4.31655 0.00225664
4.32283 0.00122132
4.32911 0.000608754
4.3354 0.00111552
4.34168 0.00435887
4.34796 0.00195063
4.35425 0.00134936
4.36053 0.00249307
4.36681 0.00412481
4.3731 0.00465521
4.37938 0.0015675
4.38566 0.000931539
4.39195 0.00272297
4.39823 8.29582e-05
4.40451 0.00243318
4.4108 0.00014856
4.41708 0.000711223
4.42336 0.00104821
4.42965 0.00260139
4.43593 0.00237162
4.44221 0.00327352
4.4485 0.000172674
4.45478 0.00119223
4.46106 0.00225938
4.46734 0.0024945
4.47363 0.00182466
4.47991 0.000278188
4.48619 0.0014918
4.49248 0.00147989
4.49876 0.000977205
4.50504 0.006246
4.51133 0.00385295
4.51761 0.00092408
4.52389 0.00139056
4.53018 0.00233136
4.53646 0.000164291
4.54274 0.000524332
4.54903 0.000791199
4.55531 0.00688442
4.56159 0.00449475
4.56788 0.00116212
4.57416 0.00503445
4.58044 0.0010883
4.58673 0.00419592
4.59301 0.00181324
4.59929 0.00317604
4.60557 0.00172165
4.61186 0.00306477
4.61814 0.00242137
4.62442 0.000180299
4.63071 0.00353664
4.63699 0.00518512
4.64327 0.000113718
4.64956 0.00118059
4.65584 0.00250881
4.66212 0.000927223
4.66841 0.000951934
4.67469 0.00103486
4.68097 0.0072218
4.68726 0.00527702
4.69354 0.000758694
4.69982 0.000114902
4.70611 0.000757291
4.71239 0.00857131
4.71867 0.00159798
4.72496 0.00252489
4.73124 0.00632283
4.73752 0.00528516
4.7438 0.00263759
4.75009 0.00147755
4.75637 0.000561142
4.76265 0.00400617
4.76894 0.00920436
4.77522 0.0027723
4.7815 0.000635921
4.78779 0.00123235
4.79407 0.00649139
4.80035 0.00330076
4.80664 0.000720339
4.81292 0.000220422
4.8192 0.00403354
4.82549 7.01316e-05
4.83177 0.00372227
4.83805 0.0050398
4.84434 0.0017693
4.85062 0.00263933
4.8569 0.000436985
4.86319 0.000833206
4.86947 0.00752866
4.87575 0.00344137
4.88203 0.0044178
4.88832 0.00129952
4.8946 3.87319e-05
4.90088 0.00152477
4.90717 0.000900945
4.91345 0.00400909
4.91973 2.83709e-05
4.92602 0.000637524
4.9323 0.000242232
4.93858 5.20644e-05
4.94487 0.00175867
4.95115 0.000402647
4.95743 0.00177231
4.96372 0.000838427
4.97 0.000926732
4.97628 0.00661936
4.98257 0.00285642
4.98885 0.00512055
4.99513 0.00370969
5.00142 0.00378716
5.0077 0.00489308
5.01398 0.00304363
5.02027 0.00100736
5.02655 0.0038151
5.03283 0.00396321
5.03911 0.000696753
5.0454 0.000358665
5.05168 0.0002786
5.05796 0.000565791
5.06425 0.000339623
5.07053 0.00410147
5.07681 0.000402276
5.0831 0.00491714
5.08938 0.00113147
5.09566 0.00431544
5.10195 0.000737245
5.10823 0.000453227
5.11451 0.00204916
5.1208 0.0037162
5.12708 4.18143e-06
5.13336 0.000446603
5.13965 0.00599187
5.14593 0.000401797
5.15221 0.000394828
5.1585 0.00432192
5.16478 0.00600105
5.17106 0.000825362
5.17734 0.000297789
5.18363 0.000176722
5.18991 0.00482281
5.19619 0.000377583
5.20248 0.000848289
5.20876 0.00470365
5.21504 0.0016773
5.22133 0.00272347
5.22761 0.000239652
5.23389 0.000182599
5.24018 0.001357
5.24646 0.00667806
5.25274 0.000112599
5.25903 0.000406608
5.26531 0.00138416
5.27159 0.00124465
5.27788 0.000436802
5.28416 3.59539e-05
5.29044 0.00014611
5.29673 0.00220169
5.30301 0.00157361
5.30929 0.00308771
5.31557 0.00352173
5.32186 0.00106667
5.32814 0.00186942
5.33442 0.00126799
5.34071 0.00165078
5.34699 0.000481916
5.35327 0.00308752
5.35956 0.00190927
5.36584 0.00253654
5.37212 0.00342267
5.37841 0.00261103
5.38469 0.00135094
5.39097 0.00273309
5.39726 0.00347374
5.40354 0.000528891
5.40982 0.00151315
5.41611 0.0009591
5.42239 0.00208771
5.42867 0.00351136
5.43496 0.00165877
5.44124 0.00115055
5.44752 0.00129487
5.4538 0.000227055
5.46009 0.00698561
5.46637 0.000950539
5.47265 0.00130552
5.47894 0.00056149
5.48522 6.49933e-05
5.4915 0.00127277
5.49779 0.0016752
5.50407 0.00172966
5.51035 0.000116441
5.51664 0.00198387
5.52292 0.00187343
5.5292 5.44854e-05
5.53549 0.0049097
5.54177 0.00113473
5.54805 0.0111697
5.55434 0.000696375
5.56062 0.000670079
5.5669 0.00026697
5.57319 0.00631087
5.57947 0.00530864
5.58575 0.00252885
5.59203 0.00104331
5.59832 0.00402827
5.6046 0.0049301
5.61088 0.00103685
5.61717 0.00834174
5.62345 0.000385679
5.62973 7.07528e-05
5.63602 8.6558e-05
5.6423 0.00172863
5.64858 0.000820917
5.65487 0.00131029
5.66115 0.00147049
5.66743 0.000397681
5.67372 0.0014375
5.68 0.000555978
5.68628 0.00196623
5.69257 0.00227694
5.69885 0.00478019
5.70513 0.000816073
5.71142 0.00052793
5.7177 0.00227891
5.72398 0.00262799
5.73027 0.00548347
5.73655 0.00749258
5.74283 0.000461745
5.74911 0.00173945
5.7554 0.00103178
5.76168 0.0045713
5.76796 0.00053464
5.77425 0.00168702
5.78053 0.00237532
5.78681 0.00346936
5.7931 0.000368895
5.79938 0.0113309
5.80566 0.00250459
5.81195 0.00105192
5.81823 0.00620822
5.82451 0.00295459
5.8308 0.00093375
5.83708 0.0020979
5.84336 0.00846595
5.84965 0.00191228
5.85593 0.00171634
5.86221 0.00073465
5.8685 0.00212536
5.87478 0.00663909
5.88106 0.0091858
5.88734 0.00277217
5.89363 0.00734041
5.89991 0.00230192
5.90619 0.000170142
5.91248 0.000681202
5.91876 0.00114551
5.92504 0.000202281
5.93133 0.0041545
5.93761 0.00107952
5.94389 0.00370101
5.95018 1.41407e-05
5.95646 0.00537679
5.96274 0.00171979
5.96903 0.00273854
5.97531 0.00435325
5.98159 0.000306811
5.98788 0.0020631
5.99416 0.00256019
6.00044 0.0038337
6.00673 0.00182839
6.01301 0.00316672
6.01929 9.99422e-05
6.02557 0.00014795
6.03186 0.00264093
6.03814 0.000131459
6.04442 0.00907684
6.05071 0.000883856
6.05699 0.00607255
6.06327 0.00172492
6.06956 0.00125113
6.07584 0.000633566
6.08212 0.00163188
6.08841 0.000497244
6.09469 0.00277933
6.10097 0.00871433
6.10726 0.00185854
6.11354 0.000999007
6.11982 0.00375426
6.12611 0.00176337
6.13239 7.15118e-05
6.13867 0.00661936
6.14496 0.00738985
6.15124 0.00318577
6.15752 0.00115209
6.1638 0.00154296
6.17009 0.00764445
6.17637 0.00549518
6.18265 0.00198269
6.18894 0.00491177
6.19522 0.00131718
6.2015 0.00120487
6.20779 0.000493215
6.21407 0.00497557
6.22035 0.000178487
6.22664 0.000557041
6.23292 6.91888e-05
6.2392 0.00171787
6.24549 0.00218406
6.25177 0.000180338
6.25805 0.00776821
6.26434 0.00363905
6.27062 0.000951285
6.2769 0.000995555
6.28319 0.00483294
6.28947 0.00250085
6.29575 7.80761e-05
6.30203 0.00300074
6.30832 0.00181694
6.3146 0.00216544
6.32088 0.00124068
6.32717 0.000776988
6.33345 5.28783e-06
6.33973 0.00194786
6.34602 0.00346925
6.3523 0.000738762
6.35858 0.000100989
6.36487 0.00042977
6.37115 0.00111681
6.37743 0.000801953
6.38372 0.000106234
6.39 0.00149434
6.39628 0.00404811
6.40257 1.91924e-05
6.40885 0.00574651
6.41513 0.00323107
6.42142 0.00160685
6.4277 0.00118986
6.43398 0.0011404
6.44026 0.00145664
